State nr.    1
P.nr:  1  2  3  4  5  6  7  8  9 10 11 12 13 14 15 16 17 18 19
toks:  6  0  0  0  0  0  0  6  0  0  0  0  0  1  1  1  1  1  1
==t1=> s2
==t9=> s183
State nr.    2
P.nr:  1  2  3  4  5  6  7  8  9 10 11 12 13 14 15 16 17 18 19
toks:  5  1  0  0  0  0  0  6  0  0  0  0  0  1  1  1  1  0  1
==t2=> s3
==t3=> s219
==t9=> s184
State nr.    3
P.nr:  1  2  3  4  5  6  7  8  9 10 11 12 13 14 15 16 17 18 19
toks:  5  0  1  0  0  0  0  6  0  0  0  0  0  1  0  1  1  1  1
==t1=> s4
==t5=> s220
==t9=> s185
State nr.    4
P.nr:  1  2  3  4  5  6  7  8  9 10 11 12 13 14 15 16 17 18 19
toks:  4  1  1  0  0  0  0  6  0  0  0  0  0  1  0  1  1  0  1
==t3=> s5
==t9=> s186
State nr.    5
P.nr:  1  2  3  4  5  6  7  8  9 10 11 12 13 14 15 16 17 18 19
toks:  4  0  1  1  0  0  0  6  0  0  0  0  0  0  0  1  1  1  1
==t1=> s6
==t4=> s10
==t5=> s282
==t9=> s37
State nr.    6
P.nr:  1  2  3  4  5  6  7  8  9 10 11 12 13 14 15 16 17 18 19
toks:  3  1  1  1  0  0  0  6  0  0  0  0  0  0  0  1  1  0  1
==t9=> s7
State nr.    7
P.nr:  1  2  3  4  5  6  7  8  9 10 11 12 13 14 15 16 17 18 19
toks:  3  1  1  1  0  0  0  5  1  0  0  0  0  0  0  1  1  0  0
==t10=> s8
State nr.    8
P.nr:  1  2  3  4  5  6  7  8  9 10 11 12 13 14 15 16 17 18 19
toks:  3  1  1  1  0  0  0  5  0  1  0  0  0  0  0  1  0  0  1
==t9=> s9
State nr.    9
P.nr:  1  2  3  4  5  6  7  8  9 10 11 12 13 14 15 16 17 18 19
toks:  3  1  1  1  0  0  0  4  1  1  0  0  0  0  0  1  0  0  0
dead state
State nr.   10
P.nr:  1  2  3  4  5  6  7  8  9 10 11 12 13 14 15 16 17 18 19
toks:  4  0  1  0  1  0  0  6  0  0  0  0  0  1  0  1  1  0  1
==t6=> s11
==t9=> s38
State nr.   11
P.nr:  1  2  3  4  5  6  7  8  9 10 11 12 13 14 15 16 17 18 19
toks:  4  0  1  0  0  1  0  6  0  0  0  0  0  1  0  0  1  1  1
==t1=> s12
==t5=> s224
==t7=> s230
==t9=> s39
State nr.   12
P.nr:  1  2  3  4  5  6  7  8  9 10 11 12 13 14 15 16 17 18 19
toks:  3  1  1  0  0  1  0  6  0  0  0  0  0  1  0  0  1  0  1
==t3=> s13
==t7=> s231
==t9=> s40
State nr.   13
P.nr:  1  2  3  4  5  6  7  8  9 10 11 12 13 14 15 16 17 18 19
toks:  3  0  1  1  0  1  0  6  0  0  0  0  0  0  0  0  1  1  1
==t1=> s14
==t4=> s20
==t5=> s28
==t7=> s34
==t9=> s41
State nr.   14
P.nr:  1  2  3  4  5  6  7  8  9 10 11 12 13 14 15 16 17 18 19
toks:  2  1  1  1  0  1  0  6  0  0  0  0  0  0  0  0  1  0  1
==t7=> s15
==t9=> s16
State nr.   15
P.nr:  1  2  3  4  5  6  7  8  9 10 11 12 13 14 15 16 17 18 19
toks:  2  1  1  1  0  0  1  6  0  0  0  0  0  0  0  1  1  0  0
==t8=> s6
State nr.   16
P.nr:  1  2  3  4  5  6  7  8  9 10 11 12 13 14 15 16 17 18 19
toks:  2  1  1  1  0  1  0  5  1  0  0  0  0  0  0  0  1  0  0
==t10=> s17
State nr.   17
P.nr:  1  2  3  4  5  6  7  8  9 10 11 12 13 14 15 16 17 18 19
toks:  2  1  1  1  0  1  0  5  0  1  0  0  0  0  0  0  0  0  1
==t7=> s18
==t9=> s19
State nr.   18
P.nr:  1  2  3  4  5  6  7  8  9 10 11 12 13 14 15 16 17 18 19
toks:  2  1  1  1  0  0  1  5  0  1  0  0  0  0  0  1  0  0  0
==t8=> s8
State nr.   19
P.nr:  1  2  3  4  5  6  7  8  9 10 11 12 13 14 15 16 17 18 19
toks:  2  1  1  1  0  1  0  4  1  1  0  0  0  0  0  0  0  0  0
dead state
State nr.   20
P.nr:  1  2  3  4  5  6  7  8  9 10 11 12 13 14 15 16 17 18 19
toks:  3  0  1  0  1  1  0  6  0  0  0  0  0  1  0  0  1  0  1
==t7=> s21
==t9=> s42
State nr.   21
P.nr:  1  2  3  4  5  6  7  8  9 10 11 12 13 14 15 16 17 18 19
toks:  3  0  1  0  1  0  1  6  0  0  0  0  0  1  0  1  1  0  0
==t6=> s22
==t8=> s10
State nr.   22
P.nr:  1  2  3  4  5  6  7  8  9 10 11 12 13 14 15 16 17 18 19
toks:  3  0  1  0  0  1  1  6  0  0  0  0  0  1  0  0  1  1  0
==t1=> s23
==t5=> s281
==t8=> s11
State nr.   23
P.nr:  1  2  3  4  5  6  7  8  9 10 11 12 13 14 15 16 17 18 19
toks:  2  1  1  0  0  1  1  6  0  0  0  0  0  1  0  0  1  0  0
==t3=> s24
==t8=> s12
State nr.   24
P.nr:  1  2  3  4  5  6  7  8  9 10 11 12 13 14 15 16 17 18 19
toks:  2  0  1  1  0  1  1  6  0  0  0  0  0  0  0  0  1  1  0
==t1=> s25
==t4=> s26
==t5=> s27
==t8=> s13
State nr.   25
P.nr:  1  2  3  4  5  6  7  8  9 10 11 12 13 14 15 16 17 18 19
toks:  1  1  1  1  0  1  1  6  0  0  0  0  0  0  0  0  1  0  0
==t8=> s14
State nr.   26
P.nr:  1  2  3  4  5  6  7  8  9 10 11 12 13 14 15 16 17 18 19
toks:  2  0  1  0  1  1  1  6  0  0  0  0  0  1  0  0  1  0  0
==t8=> s20
State nr.   27
P.nr:  1  2  3  4  5  6  7  8  9 10 11 12 13 14 15 16 17 18 19
toks:  2  0  0  1  1  1  1  6  0  0  0  0  0  0  1  0  1  0  0
==t8=> s28
State nr.   28
P.nr:  1  2  3  4  5  6  7  8  9 10 11 12 13 14 15 16 17 18 19
toks:  3  0  0  1  1  1  0  6  0  0  0  0  0  0  1  0  1  0  1
==t7=> s29
==t9=> s279
State nr.   29
P.nr:  1  2  3  4  5  6  7  8  9 10 11 12 13 14 15 16 17 18 19
toks:  3  0  0  1  1  0  1  6  0  0  0  0  0  0  1  1  1  0  0
==t6=> s30
==t8=> s282
State nr.   30
P.nr:  1  2  3  4  5  6  7  8  9 10 11 12 13 14 15 16 17 18 19
toks:  3  0  0  1  0  1  1  6  0  0  0  0  0  0  1  0  1  1  0
==t1=> s31
==t4=> s281
==t8=> s223
State nr.   31
P.nr:  1  2  3  4  5  6  7  8  9 10 11 12 13 14 15 16 17 18 19
toks:  2  1  0  1  0  1  1  6  0  0  0  0  0  0  1  0  1  0  0
==t2=> s24
==t8=> s32
State nr.   32
P.nr:  1  2  3  4  5  6  7  8  9 10 11 12 13 14 15 16 17 18 19
toks:  3  1  0  1  0  1  0  6  0  0  0  0  0  0  1  0  1  0  1
==t2=> s13
==t7=> s33
==t9=> s191
State nr.   33
P.nr:  1  2  3  4  5  6  7  8  9 10 11 12 13 14 15 16 17 18 19
toks:  3  1  0  1  0  0  1  6  0  0  0  0  0  0  1  1  1  0  0
==t2=> s34
==t8=> s35
State nr.   34
P.nr:  1  2  3  4  5  6  7  8  9 10 11 12 13 14 15 16 17 18 19
toks:  3  0  1  1  0  0  1  6  0  0  0  0  0  0  0  1  1  1  0
==t1=> s15
==t4=> s21
==t5=> s29
==t8=> s5
State nr.   35
P.nr:  1  2  3  4  5  6  7  8  9 10 11 12 13 14 15 16 17 18 19
toks:  4  1  0  1  0  0  0  6  0  0  0  0  0  0  1  1  1  0  1
==t2=> s5
==t9=> s36
State nr.   36
P.nr:  1  2  3  4  5  6  7  8  9 10 11 12 13 14 15 16 17 18 19
toks:  4  1  0  1  0  0  0  5  1  0  0  0  0  0  1  1  1  0  0
==t2=> s37
==t10=> s195
State nr.   37
P.nr:  1  2  3  4  5  6  7  8  9 10 11 12 13 14 15 16 17 18 19
toks:  4  0  1  1  0  0  0  5  1  0  0  0  0  0  0  1  1  1  0
==t1=> s7
==t4=> s38
==t5=> s280
==t10=> s58
State nr.   38
P.nr:  1  2  3  4  5  6  7  8  9 10 11 12 13 14 15 16 17 18 19
toks:  4  0  1  0  1  0  0  5  1  0  0  0  0  1  0  1  1  0  0
==t6=> s39
==t10=> s59
State nr.   39
P.nr:  1  2  3  4  5  6  7  8  9 10 11 12 13 14 15 16 17 18 19
toks:  4  0  1  0  0  1  0  5  1  0  0  0  0  1  0  0  1  1  0
==t1=> s40
==t5=> s192
==t10=> s60
State nr.   40
P.nr:  1  2  3  4  5  6  7  8  9 10 11 12 13 14 15 16 17 18 19
toks:  3  1  1  0  0  1  0  5  1  0  0  0  0  1  0  0  1  0  0
==t3=> s41
==t10=> s61
State nr.   41
P.nr:  1  2  3  4  5  6  7  8  9 10 11 12 13 14 15 16 17 18 19
toks:  3  0  1  1  0  1  0  5  1  0  0  0  0  0  0  0  1  1  0
==t1=> s16
==t4=> s42
==t5=> s279
==t10=> s56
State nr.   42
P.nr:  1  2  3  4  5  6  7  8  9 10 11 12 13 14 15 16 17 18 19
toks:  3  0  1  0  1  1  0  5  1  0  0  0  0  1  0  0  1  0  0
==t10=> s43
State nr.   43
P.nr:  1  2  3  4  5  6  7  8  9 10 11 12 13 14 15 16 17 18 19
toks:  3  0  1  0  1  1  0  5  0  1  0  0  0  1  0  0  0  0  1
==t7=> s44
==t9=> s70
State nr.   44
P.nr:  1  2  3  4  5  6  7  8  9 10 11 12 13 14 15 16 17 18 19
toks:  3  0  1  0  1  0  1  5  0  1  0  0  0  1  0  1  0  0  0
==t6=> s45
==t8=> s59
State nr.   45
P.nr:  1  2  3  4  5  6  7  8  9 10 11 12 13 14 15 16 17 18 19
toks:  3  0  1  0  0  1  1  5  0  1  0  0  0  1  0  0  0  1  0
==t1=> s46
==t5=> s275
==t8=> s60
==t11=> s278
State nr.   46
P.nr:  1  2  3  4  5  6  7  8  9 10 11 12 13 14 15 16 17 18 19
toks:  2  1  1  0  0  1  1  5  0  1  0  0  0  1  0  0  0  0  0
==t3=> s47
==t8=> s61
State nr.   47
P.nr:  1  2  3  4  5  6  7  8  9 10 11 12 13 14 15 16 17 18 19
toks:  2  0  1  1  0  1  1  5  0  1  0  0  0  0  0  0  0  1  0
==t1=> s48
==t4=> s49
==t5=> s50
==t8=> s56
==t11=> s277
State nr.   48
P.nr:  1  2  3  4  5  6  7  8  9 10 11 12 13 14 15 16 17 18 19
toks:  1  1  1  1  0  1  1  5  0  1  0  0  0  0  0  0  0  0  0
==t8=> s17
State nr.   49
P.nr:  1  2  3  4  5  6  7  8  9 10 11 12 13 14 15 16 17 18 19
toks:  2  0  1  0  1  1  1  5  0  1  0  0  0  1  0  0  0  0  0
==t8=> s43
State nr.   50
P.nr:  1  2  3  4  5  6  7  8  9 10 11 12 13 14 15 16 17 18 19
toks:  2  0  0  1  1  1  1  5  0  1  0  0  0  0  1  0  0  0  0
==t8=> s51
State nr.   51
P.nr:  1  2  3  4  5  6  7  8  9 10 11 12 13 14 15 16 17 18 19
toks:  3  0  0  1  1  1  0  5  0  1  0  0  0  0  1  0  0  0  1
==t7=> s52
==t9=> s71
State nr.   52
P.nr:  1  2  3  4  5  6  7  8  9 10 11 12 13 14 15 16 17 18 19
toks:  3  0  0  1  1  0  1  5  0  1  0  0  0  0  1  1  0  0  0
==t6=> s53
==t8=> s271
State nr.   53
P.nr:  1  2  3  4  5  6  7  8  9 10 11 12 13 14 15 16 17 18 19
toks:  3  0  0  1  0  1  1  5  0  1  0  0  0  0  1  0  0  1  0
==t1=> s54
==t4=> s275
==t8=> s170
==t11=> s276
State nr.   54
P.nr:  1  2  3  4  5  6  7  8  9 10 11 12 13 14 15 16 17 18 19
toks:  2  1  0  1  0  1  1  5  0  1  0  0  0  0  1  0  0  0  0
==t2=> s47
==t8=> s55
State nr.   55
P.nr:  1  2  3  4  5  6  7  8  9 10 11 12 13 14 15 16 17 18 19
toks:  3  1  0  1  0  1  0  5  0  1  0  0  0  0  1  0  0  0  1
==t2=> s56
==t7=> s237
==t9=> s87
State nr.   56
P.nr:  1  2  3  4  5  6  7  8  9 10 11 12 13 14 15 16 17 18 19
toks:  3  0  1  1  0  1  0  5  0  1  0  0  0  0  0  0  0  1  1
==t1=> s17
==t4=> s43
==t5=> s51
==t7=> s57
==t9=> s69
==t11=> s274
State nr.   57
P.nr:  1  2  3  4  5  6  7  8  9 10 11 12 13 14 15 16 17 18 19
toks:  3  0  1  1  0  0  1  5  0  1  0  0  0  0  0  1  0  1  0
==t1=> s18
==t4=> s44
==t5=> s52
==t8=> s58
==t11=> s273
State nr.   58
P.nr:  1  2  3  4  5  6  7  8  9 10 11 12 13 14 15 16 17 18 19
toks:  4  0  1  1  0  0  0  5  0  1  0  0  0  0  0  1  0  1  1
==t1=> s8
==t4=> s59
==t5=> s271
==t9=> s65
==t11=> s272
State nr.   59
P.nr:  1  2  3  4  5  6  7  8  9 10 11 12 13 14 15 16 17 18 19
toks:  4  0  1  0  1  0  0  5  0  1  0  0  0  1  0  1  0  0  1
==t6=> s60
==t9=> s66
State nr.   60
P.nr:  1  2  3  4  5  6  7  8  9 10 11 12 13 14 15 16 17 18 19
toks:  4  0  1  0  0  1  0  5  0  1  0  0  0  1  0  0  0  1  1
==t1=> s61
==t5=> s171
==t7=> s249
==t9=> s67
==t11=> s270
State nr.   61
P.nr:  1  2  3  4  5  6  7  8  9 10 11 12 13 14 15 16 17 18 19
toks:  3  1  1  0  0  1  0  5  0  1  0  0  0  1  0  0  0  0  1
==t3=> s56
==t7=> s62
==t9=> s68
State nr.   62
P.nr:  1  2  3  4  5  6  7  8  9 10 11 12 13 14 15 16 17 18 19
toks:  3  1  1  0  0  0  1  5  0  1  0  0  0  1  0  1  0  0  0
==t3=> s57
==t8=> s63
State nr.   63
P.nr:  1  2  3  4  5  6  7  8  9 10 11 12 13 14 15 16 17 18 19
toks:  4  1  1  0  0  0  0  5  0  1  0  0  0  1  0  1  0  0  1
==t3=> s58
==t9=> s64
State nr.   64
P.nr:  1  2  3  4  5  6  7  8  9 10 11 12 13 14 15 16 17 18 19
toks:  4  1  1  0  0  0  0  4  1  1  0  0  0  1  0  1  0  0  0
==t3=> s65
State nr.   65
P.nr:  1  2  3  4  5  6  7  8  9 10 11 12 13 14 15 16 17 18 19
toks:  4  0  1  1  0  0  0  4  1  1  0  0  0  0  0  1  0  1  0
==t1=> s9
==t4=> s66
==t5=> s85
==t11=> s269
State nr.   66
P.nr:  1  2  3  4  5  6  7  8  9 10 11 12 13 14 15 16 17 18 19
toks:  4  0  1  0  1  0  0  4  1  1  0  0  0  1  0  1  0  0  0
==t6=> s67
State nr.   67
P.nr:  1  2  3  4  5  6  7  8  9 10 11 12 13 14 15 16 17 18 19
toks:  4  0  1  0  0  1  0  4  1  1  0  0  0  1  0  0  0  1  0
==t1=> s68
==t5=> s78
==t11=> s79
State nr.   68
P.nr:  1  2  3  4  5  6  7  8  9 10 11 12 13 14 15 16 17 18 19
toks:  3  1  1  0  0  1  0  4  1  1  0  0  0  1  0  0  0  0  0
==t3=> s69
State nr.   69
P.nr:  1  2  3  4  5  6  7  8  9 10 11 12 13 14 15 16 17 18 19
toks:  3  0  1  1  0  1  0  4  1  1  0  0  0  0  0  0  0  1  0
==t1=> s19
==t4=> s70
==t5=> s71
==t11=> s72
State nr.   70
P.nr:  1  2  3  4  5  6  7  8  9 10 11 12 13 14 15 16 17 18 19
toks:  3  0  1  0  1  1  0  4  1  1  0  0  0  1  0  0  0  0  0
dead state
State nr.   71
P.nr:  1  2  3  4  5  6  7  8  9 10 11 12 13 14 15 16 17 18 19
toks:  3  0  0  1  1  1  0  4  1  1  0  0  0  0  1  0  0  0  0
dead state
State nr.   72
P.nr:  1  2  3  4  5  6  7  8  9 10 11 12 13 14 15 16 17 18 19
toks:  3  0  1  1  0  1  0  4  1  0  1  0  0  0  0  0  1  0  0
==t10=> s73
State nr.   73
P.nr:  1  2  3  4  5  6  7  8  9 10 11 12 13 14 15 16 17 18 19
toks:  3  0  1  1  0  1  0  4  0  1  1  0  0  0  0  0  0  0  1
==t7=> s74
==t9=> s77
State nr.   74
P.nr:  1  2  3  4  5  6  7  8  9 10 11 12 13 14 15 16 17 18 19
toks:  3  0  1  1  0  0  1  4  0  1  1  0  0  0  0  1  0  0  0
==t8=> s75
State nr.   75
P.nr:  1  2  3  4  5  6  7  8  9 10 11 12 13 14 15 16 17 18 19
toks:  4  0  1  1  0  0  0  4  0  1  1  0  0  0  0  1  0  0  1
==t9=> s76
State nr.   76
P.nr:  1  2  3  4  5  6  7  8  9 10 11 12 13 14 15 16 17 18 19
toks:  4  0  1  1  0  0  0  3  1  1  1  0  0  0  0  1  0  0  0
dead state
State nr.   77
P.nr:  1  2  3  4  5  6  7  8  9 10 11 12 13 14 15 16 17 18 19
toks:  3  0  1  1  0  1  0  3  1  1  1  0  0  0  0  0  0  0  0
dead state
State nr.   78
P.nr:  1  2  3  4  5  6  7  8  9 10 11 12 13 14 15 16 17 18 19
toks:  4  0  0  0  1  1  0  4  1  1  0  0  0  1  1  0  0  0  0
dead state
State nr.   79
P.nr:  1  2  3  4  5  6  7  8  9 10 11 12 13 14 15 16 17 18 19
toks:  4  0  1  0  0  1  0  4  1  0  1  0  0  1  0  0  1  0  0
==t10=> s80
State nr.   80
P.nr:  1  2  3  4  5  6  7  8  9 10 11 12 13 14 15 16 17 18 19
toks:  4  0  1  0  0  1  0  4  0  1  1  0  0  1  0  0  0  0  1
==t7=> s81
==t9=> s84
State nr.   81
P.nr:  1  2  3  4  5  6  7  8  9 10 11 12 13 14 15 16 17 18 19
toks:  4  0  1  0  0  0  1  4  0  1  1  0  0  1  0  1  0  0  0
==t8=> s82
State nr.   82
P.nr:  1  2  3  4  5  6  7  8  9 10 11 12 13 14 15 16 17 18 19
toks:  5  0  1  0  0  0  0  4  0  1  1  0  0  1  0  1  0  0  1
==t9=> s83
State nr.   83
P.nr:  1  2  3  4  5  6  7  8  9 10 11 12 13 14 15 16 17 18 19
toks:  5  0  1  0  0  0  0  3  1  1  1  0  0  1  0  1  0  0  0
dead state
State nr.   84
P.nr:  1  2  3  4  5  6  7  8  9 10 11 12 13 14 15 16 17 18 19
toks:  4  0  1  0  0  1  0  3  1  1  1  0  0  1  0  0  0  0  0
dead state
State nr.   85
P.nr:  1  2  3  4  5  6  7  8  9 10 11 12 13 14 15 16 17 18 19
toks:  4  0  0  1  1  0  0  4  1  1  0  0  0  0  1  1  0  0  0
==t6=> s86
State nr.   86
P.nr:  1  2  3  4  5  6  7  8  9 10 11 12 13 14 15 16 17 18 19
toks:  4  0  0  1  0  1  0  4  1  1  0  0  0  0  1  0  0  1  0
==t1=> s87
==t4=> s78
==t11=> s88
State nr.   87
P.nr:  1  2  3  4  5  6  7  8  9 10 11 12 13 14 15 16 17 18 19
toks:  3  1  0  1  0  1  0  4  1  1  0  0  0  0  1  0  0  0  0
==t2=> s69
State nr.   88
P.nr:  1  2  3  4  5  6  7  8  9 10 11 12 13 14 15 16 17 18 19
toks:  4  0  0  1  0  1  0  4  1  0  1  0  0  0  1  0  1  0  0
==t10=> s89
==t12=> s140
State nr.   89
P.nr:  1  2  3  4  5  6  7  8  9 10 11 12 13 14 15 16 17 18 19
toks:  4  0  0  1  0  1  0  4  0  1  1  0  0  0  1  0  0  0  1
==t7=> s90
==t9=> s268
==t12=> s152
State nr.   90
P.nr:  1  2  3  4  5  6  7  8  9 10 11 12 13 14 15 16 17 18 19
toks:  4  0  0  1  0  0  1  4  0  1  1  0  0  0  1  1  0  0  0
==t8=> s91
==t12=> s153
State nr.   91
P.nr:  1  2  3  4  5  6  7  8  9 10 11 12 13 14 15 16 17 18 19
toks:  5  0  0  1  0  0  0  4  0  1  1  0  0  0  1  1  0  0  1
==t9=> s92
==t12=> s154
State nr.   92
P.nr:  1  2  3  4  5  6  7  8  9 10 11 12 13 14 15 16 17 18 19
toks:  5  0  0  1  0  0  0  3  1  1  1  0  0  0  1  1  0  0  0
==t12=> s93
State nr.   93
P.nr:  1  2  3  4  5  6  7  8  9 10 11 12 13 14 15 16 17 18 19
toks:  5  0  0  1  0  0  0  3  1  1  0  1  0  0  0  1  0  1  0
==t1=> s94
==t4=> s95
==t11=> s260
==t13=> s218
State nr.   94
P.nr:  1  2  3  4  5  6  7  8  9 10 11 12 13 14 15 16 17 18 19
toks:  4  1  0  1  0  0  0  3  1  1  0  1  0  0  0  1  0  0  0
dead state
State nr.   95
P.nr:  1  2  3  4  5  6  7  8  9 10 11 12 13 14 15 16 17 18 19
toks:  5  0  0  0  1  0  0  3  1  1  0  1  0  1  0  1  0  0  0
==t6=> s96
State nr.   96
P.nr:  1  2  3  4  5  6  7  8  9 10 11 12 13 14 15 16 17 18 19
toks:  5  0  0  0  0  1  0  3  1  1  0  1  0  1  0  0  0  1  0
==t1=> s97
==t11=> s108
==t13=> s114
State nr.   97
P.nr:  1  2  3  4  5  6  7  8  9 10 11 12 13 14 15 16 17 18 19
toks:  4  1  0  0  0  1  0  3  1  1  0  1  0  1  0  0  0  0  0
==t3=> s98
State nr.   98
P.nr:  1  2  3  4  5  6  7  8  9 10 11 12 13 14 15 16 17 18 19
toks:  4  0  0  1  0  1  0  3  1  1  0  1  0  0  0  0  0  1  0
==t1=> s99
==t4=> s100
==t11=> s101
==t13=> s107
State nr.   99
P.nr:  1  2  3  4  5  6  7  8  9 10 11 12 13 14 15 16 17 18 19
toks:  3  1  0  1  0  1  0  3  1  1  0  1  0  0  0  0  0  0  0
dead state
State nr.  100
P.nr:  1  2  3  4  5  6  7  8  9 10 11 12 13 14 15 16 17 18 19
toks:  4  0  0  0  1  1  0  3  1  1  0  1  0  1  0  0  0  0  0
dead state
State nr.  101
P.nr:  1  2  3  4  5  6  7  8  9 10 11 12 13 14 15 16 17 18 19
toks:  4  0  0  1  0  1  0  3  1  0  1  1  0  0  0  0  1  0  0
==t10=> s102
State nr.  102
P.nr:  1  2  3  4  5  6  7  8  9 10 11 12 13 14 15 16 17 18 19
toks:  4  0  0  1  0  1  0  3  0  1  1  1  0  0  0  0  0  0  1
==t7=> s103
==t9=> s106
State nr.  103
P.nr:  1  2  3  4  5  6  7  8  9 10 11 12 13 14 15 16 17 18 19
toks:  4  0  0  1  0  0  1  3  0  1  1  1  0  0  0  1  0  0  0
==t8=> s104
State nr.  104
P.nr:  1  2  3  4  5  6  7  8  9 10 11 12 13 14 15 16 17 18 19
toks:  5  0  0  1  0  0  0  3  0  1  1  1  0  0  0  1  0  0  1
==t9=> s105
State nr.  105
P.nr:  1  2  3  4  5  6  7  8  9 10 11 12 13 14 15 16 17 18 19
toks:  5  0  0  1  0  0  0  2  1  1  1  1  0  0  0  1  0  0  0
dead state
State nr.  106
P.nr:  1  2  3  4  5  6  7  8  9 10 11 12 13 14 15 16 17 18 19
toks:  4  0  0  1  0  1  0  2  1  1  1  1  0  0  0  0  0  0  0
dead state
State nr.  107
P.nr:  1  2  3  4  5  6  7  8  9 10 11 12 13 14 15 16 17 18 19
toks:  4  0  0  1  0  1  0  3  1  1  0  0  1  0  1  0  0  0  0
==t14=> s86
State nr.  108
P.nr:  1  2  3  4  5  6  7  8  9 10 11 12 13 14 15 16 17 18 19
toks:  5  0  0  0  0  1  0  3  1  0  1  1  0  1  0  0  1  0  0
==t10=> s109
State nr.  109
P.nr:  1  2  3  4  5  6  7  8  9 10 11 12 13 14 15 16 17 18 19
toks:  5  0  0  0  0  1  0  3  0  1  1  1  0  1  0  0  0  0  1
==t7=> s110
==t9=> s113
State nr.  110
P.nr:  1  2  3  4  5  6  7  8  9 10 11 12 13 14 15 16 17 18 19
toks:  5  0  0  0  0  0  1  3  0  1  1  1  0  1  0  1  0  0  0
==t8=> s111
State nr.  111
P.nr:  1  2  3  4  5  6  7  8  9 10 11 12 13 14 15 16 17 18 19
toks:  6  0  0  0  0  0  0  3  0  1  1  1  0  1  0  1  0  0  1
==t9=> s112
State nr.  112
P.nr:  1  2  3  4  5  6  7  8  9 10 11 12 13 14 15 16 17 18 19
toks:  6  0  0  0  0  0  0  2  1  1  1  1  0  1  0  1  0  0  0
dead state
State nr.  113
P.nr:  1  2  3  4  5  6  7  8  9 10 11 12 13 14 15 16 17 18 19
toks:  5  0  0  0  0  1  0  2  1  1  1  1  0  1  0  0  0  0  0
dead state
State nr.  114
P.nr:  1  2  3  4  5  6  7  8  9 10 11 12 13 14 15 16 17 18 19
toks:  5  0  0  0  0  1  0  3  1  1  0  0  1  1  1  0  0  0  0
==t14=> s115
State nr.  115
P.nr:  1  2  3  4  5  6  7  8  9 10 11 12 13 14 15 16 17 18 19
toks:  5  0  0  0  0  1  0  4  1  1  0  0  0  1  1  0  0  1  0
==t1=> s116
==t11=> s117
State nr.  116
P.nr:  1  2  3  4  5  6  7  8  9 10 11 12 13 14 15 16 17 18 19
toks:  4  1  0  0  0  1  0  4  1  1  0  0  0  1  1  0  0  0  0
==t2=> s67
==t3=> s86
State nr.  117
P.nr:  1  2  3  4  5  6  7  8  9 10 11 12 13 14 15 16 17 18 19
toks:  5  0  0  0  0  1  0  4  1  0  1  0  0  1  1  0  1  0  0
==t10=> s118
==t12=> s138
State nr.  118
P.nr:  1  2  3  4  5  6  7  8  9 10 11 12 13 14 15 16 17 18 19
toks:  5  0  0  0  0  1  0  4  0  1  1  0  0  1  1  0  0  0  1
==t7=> s119
==t9=> s267
==t12=> s156
State nr.  119
P.nr:  1  2  3  4  5  6  7  8  9 10 11 12 13 14 15 16 17 18 19
toks:  5  0  0  0  0  0  1  4  0  1  1  0  0  1  1  1  0  0  0
==t8=> s120
==t12=> s160
State nr.  120
P.nr:  1  2  3  4  5  6  7  8  9 10 11 12 13 14 15 16 17 18 19
toks:  6  0  0  0  0  0  0  4  0  1  1  0  0  1  1  1  0  0  1
==t9=> s121
==t12=> s161
State nr.  121
P.nr:  1  2  3  4  5  6  7  8  9 10 11 12 13 14 15 16 17 18 19
toks:  6  0  0  0  0  0  0  3  1  1  1  0  0  1  1  1  0  0  0
==t12=> s122
State nr.  122
P.nr:  1  2  3  4  5  6  7  8  9 10 11 12 13 14 15 16 17 18 19
toks:  6  0  0  0  0  0  0  3  1  1  0  1  0  1  0  1  0  1  0
==t1=> s123
==t11=> s124
==t13=> s125
State nr.  123
P.nr:  1  2  3  4  5  6  7  8  9 10 11 12 13 14 15 16 17 18 19
toks:  5  1  0  0  0  0  0  3  1  1  0  1  0  1  0  1  0  0  0
==t3=> s93
State nr.  124
P.nr:  1  2  3  4  5  6  7  8  9 10 11 12 13 14 15 16 17 18 19
toks:  6  0  0  0  0  0  0  3  1  0  1  1  0  1  0  1  1  0  0
==t10=> s111
State nr.  125
P.nr:  1  2  3  4  5  6  7  8  9 10 11 12 13 14 15 16 17 18 19
toks:  6  0  0  0  0  0  0  3  1  1  0  0  1  1  1  1  0  0  0
==t14=> s126
State nr.  126
P.nr:  1  2  3  4  5  6  7  8  9 10 11 12 13 14 15 16 17 18 19
toks:  6  0  0  0  0  0  0  4  1  1  0  0  0  1  1  1  0  1  0
==t1=> s127
==t11=> s179
State nr.  127
P.nr:  1  2  3  4  5  6  7  8  9 10 11 12 13 14 15 16 17 18 19
toks:  5  1  0  0  0  0  0  4  1  1  0  0  0  1  1  1  0  0  0
==t2=> s128
==t3=> s131
State nr.  128
P.nr:  1  2  3  4  5  6  7  8  9 10 11 12 13 14 15 16 17 18 19
toks:  5  0  1  0  0  0  0  4  1  1  0  0  0  1  0  1  0  1  0
==t1=> s64
==t5=> s129
==t11=> s130
State nr.  129
P.nr:  1  2  3  4  5  6  7  8  9 10 11 12 13 14 15 16 17 18 19
toks:  5  0  0  0  1  0  0  4  1  1  0  0  0  1  1  1  0  0  0
==t6=> s115
State nr.  130
P.nr:  1  2  3  4  5  6  7  8  9 10 11 12 13 14 15 16 17 18 19
toks:  5  0  1  0  0  0  0  4  1  0  1  0  0  1  0  1  1  0  0
==t10=> s82
State nr.  131
P.nr:  1  2  3  4  5  6  7  8  9 10 11 12 13 14 15 16 17 18 19
toks:  5  0  0  1  0  0  0  4  1  1  0  0  0  0  1  1  0  1  0
==t1=> s132
==t4=> s129
==t11=> s133
State nr.  132
P.nr:  1  2  3  4  5  6  7  8  9 10 11 12 13 14 15 16 17 18 19
toks:  4  1  0  1  0  0  0  4  1  1  0  0  0  0  1  1  0  0  0
==t2=> s65
State nr.  133
P.nr:  1  2  3  4  5  6  7  8  9 10 11 12 13 14 15 16 17 18 19
toks:  5  0  0  1  0  0  0  4  1  0  1  0  0  0  1  1  1  0  0
==t10=> s91
==t12=> s134
State nr.  134
P.nr:  1  2  3  4  5  6  7  8  9 10 11 12 13 14 15 16 17 18 19
toks:  5  0  0  1  0  0  0  4  1  0  0  1  0  0  0  1  1  1  0
==t1=> s135
==t4=> s137
==t10=> s154
==t13=> s216
State nr.  135
P.nr:  1  2  3  4  5  6  7  8  9 10 11 12 13 14 15 16 17 18 19
toks:  4  1  0  1  0  0  0  4  1  0  0  1  0  0  0  1  1  0  0
==t10=> s136
State nr.  136
P.nr:  1  2  3  4  5  6  7  8  9 10 11 12 13 14 15 16 17 18 19
toks:  4  1  0  1  0  0  0  4  0  1  0  1  0  0  0  1  0  0  1
==t9=> s94
State nr.  137
P.nr:  1  2  3  4  5  6  7  8  9 10 11 12 13 14 15 16 17 18 19
toks:  5  0  0  0  1  0  0  4  1  0  0  1  0  1  0  1  1  0  0
==t6=> s138
==t10=> s155
State nr.  138
P.nr:  1  2  3  4  5  6  7  8  9 10 11 12 13 14 15 16 17 18 19
toks:  5  0  0  0  0  1  0  4  1  0  0  1  0  1  0  0  1  1  0
==t1=> s139
==t10=> s156
==t13=> s244
State nr.  139
P.nr:  1  2  3  4  5  6  7  8  9 10 11 12 13 14 15 16 17 18 19
toks:  4  1  0  0  0  1  0  4  1  0  0  1  0  1  0  0  1  0  0
==t3=> s140
==t10=> s157
State nr.  140
P.nr:  1  2  3  4  5  6  7  8  9 10 11 12 13 14 15 16 17 18 19
toks:  4  0  0  1  0  1  0  4  1  0  0  1  0  0  0  0  1  1  0
==t1=> s141
==t4=> s144
==t10=> s152
==t13=> s233
State nr.  141
P.nr:  1  2  3  4  5  6  7  8  9 10 11 12 13 14 15 16 17 18 19
toks:  3  1  0  1  0  1  0  4  1  0  0  1  0  0  0  0  1  0  0
==t10=> s142
State nr.  142
P.nr:  1  2  3  4  5  6  7  8  9 10 11 12 13 14 15 16 17 18 19
toks:  3  1  0  1  0  1  0  4  0  1  0  1  0  0  0  0  0  0  1
==t7=> s143
==t9=> s99
State nr.  143
P.nr:  1  2  3  4  5  6  7  8  9 10 11 12 13 14 15 16 17 18 19
toks:  3  1  0  1  0  0  1  4  0  1  0  1  0  0  0  1  0  0  0
==t8=> s136
State nr.  144
P.nr:  1  2  3  4  5  6  7  8  9 10 11 12 13 14 15 16 17 18 19
toks:  4  0  0  0  1  1  0  4  1  0  0  1  0  1  0  0  1  0  0
==t10=> s145
State nr.  145
P.nr:  1  2  3  4  5  6  7  8  9 10 11 12 13 14 15 16 17 18 19
toks:  4  0  0  0  1  1  0  4  0  1  0  1  0  1  0  0  0  0  1
==t7=> s146
==t9=> s100
State nr.  146
P.nr:  1  2  3  4  5  6  7  8  9 10 11 12 13 14 15 16 17 18 19
toks:  4  0  0  0  1  0  1  4  0  1  0  1  0  1  0  1  0  0  0
==t6=> s147
==t8=> s155
State nr.  147
P.nr:  1  2  3  4  5  6  7  8  9 10 11 12 13 14 15 16 17 18 19
toks:  4  0  0  0  0  1  1  4  0  1  0  1  0  1  0  0  0  1  0
==t1=> s148
==t8=> s156
==t11=> s265
==t13=> s266
State nr.  148
P.nr:  1  2  3  4  5  6  7  8  9 10 11 12 13 14 15 16 17 18 19
toks:  3  1  0  0  0  1  1  4  0  1  0  1  0  1  0  0  0  0  0
==t3=> s149
==t8=> s157
State nr.  149
P.nr:  1  2  3  4  5  6  7  8  9 10 11 12 13 14 15 16 17 18 19
toks:  3  0  0  1  0  1  1  4  0  1  0  1  0  0  0  0  0  1  0
==t1=> s150
==t4=> s151
==t8=> s152
==t11=> s263
==t13=> s264
State nr.  150
P.nr:  1  2  3  4  5  6  7  8  9 10 11 12 13 14 15 16 17 18 19
toks:  2  1  0  1  0  1  1  4  0  1  0  1  0  0  0  0  0  0  0
==t8=> s142
State nr.  151
P.nr:  1  2  3  4  5  6  7  8  9 10 11 12 13 14 15 16 17 18 19
toks:  3  0  0  0  1  1  1  4  0  1  0  1  0  1  0  0  0  0  0
==t8=> s145
State nr.  152
P.nr:  1  2  3  4  5  6  7  8  9 10 11 12 13 14 15 16 17 18 19
toks:  4  0  0  1  0  1  0  4  0  1  0  1  0  0  0  0  0  1  1
==t1=> s142
==t4=> s145
==t7=> s153
==t9=> s98
==t11=> s262
==t13=> s234
State nr.  153
P.nr:  1  2  3  4  5  6  7  8  9 10 11 12 13 14 15 16 17 18 19
toks:  4  0  0  1  0  0  1  4  0  1  0  1  0  0  0  1  0  1  0
==t1=> s143
==t4=> s146
==t8=> s154
==t11=> s261
==t13=> s235
State nr.  154
P.nr:  1  2  3  4  5  6  7  8  9 10 11 12 13 14 15 16 17 18 19
toks:  5  0  0  1  0  0  0  4  0  1  0  1  0  0  0  1  0  1  1
==t1=> s136
==t4=> s155
==t9=> s93
==t11=> s259
==t13=> s217
State nr.  155
P.nr:  1  2  3  4  5  6  7  8  9 10 11 12 13 14 15 16 17 18 19
toks:  5  0  0  0  1  0  0  4  0  1  0  1  0  1  0  1  0  0  1
==t6=> s156
==t9=> s95
State nr.  156
P.nr:  1  2  3  4  5  6  7  8  9 10 11 12 13 14 15 16 17 18 19
toks:  5  0  0  0  0  1  0  4  0  1  0  1  0  1  0  0  0  1  1
==t1=> s157
==t7=> s160
==t9=> s96
==t11=> s258
==t13=> s245
State nr.  157
P.nr:  1  2  3  4  5  6  7  8  9 10 11 12 13 14 15 16 17 18 19
toks:  4  1  0  0  0  1  0  4  0  1  0  1  0  1  0  0  0  0  1
==t3=> s152
==t7=> s158
==t9=> s97
State nr.  158
P.nr:  1  2  3  4  5  6  7  8  9 10 11 12 13 14 15 16 17 18 19
toks:  4  1  0  0  0  0  1  4  0  1  0  1  0  1  0  1  0  0  0
==t3=> s153
==t8=> s159
State nr.  159
P.nr:  1  2  3  4  5  6  7  8  9 10 11 12 13 14 15 16 17 18 19
toks:  5  1  0  0  0  0  0  4  0  1  0  1  0  1  0  1  0  0  1
==t3=> s154
==t9=> s123
State nr.  160
P.nr:  1  2  3  4  5  6  7  8  9 10 11 12 13 14 15 16 17 18 19
toks:  5  0  0  0  0  0  1  4  0  1  0  1  0  1  0  1  0  1  0
==t1=> s158
==t8=> s161
==t11=> s257
==t13=> s246
State nr.  161
P.nr:  1  2  3  4  5  6  7  8  9 10 11 12 13 14 15 16 17 18 19
toks:  6  0  0  0  0  0  0  4  0  1  0  1  0  1  0  1  0  1  1
==t1=> s159
==t9=> s122
==t11=> s162
==t13=> s163
State nr.  162
P.nr:  1  2  3  4  5  6  7  8  9 10 11 12 13 14 15 16 17 18 19
toks:  6  0  0  0  0  0  0  4  0  0  1  1  0  1  0  1  1  0  1
==t9=> s124
State nr.  163
P.nr:  1  2  3  4  5  6  7  8  9 10 11 12 13 14 15 16 17 18 19
toks:  6  0  0  0  0  0  0  4  0  1  0  0  1  1  1  1  0  0  1
==t9=> s125
==t14=> s164
State nr.  164
P.nr:  1  2  3  4  5  6  7  8  9 10 11 12 13 14 15 16 17 18 19
toks:  6  0  0  0  0  0  0  5  0  1  0  0  0  1  1  1  0  1  1
==t1=> s165
==t9=> s126
==t11=> s178
State nr.  165
P.nr:  1  2  3  4  5  6  7  8  9 10 11 12 13 14 15 16 17 18 19
toks:  5  1  0  0  0  0  0  5  0  1  0  0  0  1  1  1  0  0  1
==t2=> s166
==t3=> s194
==t9=> s127
State nr.  166
P.nr:  1  2  3  4  5  6  7  8  9 10 11 12 13 14 15 16 17 18 19
toks:  5  0  1  0  0  0  0  5  0  1  0  0  0  1  0  1  0  1  1
==t1=> s63
==t5=> s167
==t9=> s128
==t11=> s251
State nr.  167
P.nr:  1  2  3  4  5  6  7  8  9 10 11 12 13 14 15 16 17 18 19
toks:  5  0  0  0  1  0  0  5  0  1  0  0  0  1  1  1  0  0  1
==t6=> s168
==t9=> s129
State nr.  168
P.nr:  1  2  3  4  5  6  7  8  9 10 11 12 13 14 15 16 17 18 19
toks:  5  0  0  0  0  1  0  5  0  1  0  0  0  1  1  0  0  1  1
==t1=> s169
==t7=> s247
==t9=> s115
==t11=> s176
State nr.  169
P.nr:  1  2  3  4  5  6  7  8  9 10 11 12 13 14 15 16 17 18 19
toks:  4  1  0  0  0  1  0  5  0  1  0  0  0  1  1  0  0  0  1
==t2=> s60
==t3=> s170
==t7=> s248
==t9=> s116
State nr.  170
P.nr:  1  2  3  4  5  6  7  8  9 10 11 12 13 14 15 16 17 18 19
toks:  4  0  0  1  0  1  0  5  0  1  0  0  0  0  1  0  0  1  1
==t1=> s55
==t4=> s171
==t7=> s236
==t9=> s86
==t11=> s256
State nr.  171
P.nr:  1  2  3  4  5  6  7  8  9 10 11 12 13 14 15 16 17 18 19
toks:  4  0  0  0  1  1  0  5  0  1  0  0  0  1  1  0  0  0  1
==t7=> s172
==t9=> s78
State nr.  172
P.nr:  1  2  3  4  5  6  7  8  9 10 11 12 13 14 15 16 17 18 19
toks:  4  0  0  0  1  0  1  5  0  1  0  0  0  1  1  1  0  0  0
==t6=> s173
==t8=> s167
State nr.  173
P.nr:  1  2  3  4  5  6  7  8  9 10 11 12 13 14 15 16 17 18 19
toks:  4  0  0  0  0  1  1  5  0  1  0  0  0  1  1  0  0  1  0
==t1=> s174
==t8=> s168
==t11=> s175
State nr.  174
P.nr:  1  2  3  4  5  6  7  8  9 10 11 12 13 14 15 16 17 18 19
toks:  3  1  0  0  0  1  1  5  0  1  0  0  0  1  1  0  0  0  0
==t2=> s45
==t3=> s53
==t8=> s169
State nr.  175
P.nr:  1  2  3  4  5  6  7  8  9 10 11 12 13 14 15 16 17 18 19
toks:  4  0  0  0  0  1  1  5  0  0  1  0  0  1  1  0  1  0  0
==t8=> s176
==t12=> s207
State nr.  176
P.nr:  1  2  3  4  5  6  7  8  9 10 11 12 13 14 15 16 17 18 19
toks:  5  0  0  0  0  1  0  5  0  0  1  0  0  1  1  0  1  0  1
==t7=> s177
==t9=> s117
==t12=> s200
State nr.  177
P.nr:  1  2  3  4  5  6  7  8  9 10 11 12 13 14 15 16 17 18 19
toks:  5  0  0  0  0  0  1  5  0  0  1  0  0  1  1  1  1  0  0
==t8=> s178
==t12=> s254
State nr.  178
P.nr:  1  2  3  4  5  6  7  8  9 10 11 12 13 14 15 16 17 18 19
toks:  6  0  0  0  0  0  0  5  0  0  1  0  0  1  1  1  1  0  1
==t9=> s179
==t12=> s255
State nr.  179
P.nr:  1  2  3  4  5  6  7  8  9 10 11 12 13 14 15 16 17 18 19
toks:  6  0  0  0  0  0  0  4  1  0  1  0  0  1  1  1  1  0  0
==t10=> s120
==t12=> s180
State nr.  180
P.nr:  1  2  3  4  5  6  7  8  9 10 11 12 13 14 15 16 17 18 19
toks:  6  0  0  0  0  0  0  4  1  0  0  1  0  1  0  1  1  1  0
==t1=> s181
==t10=> s161
==t13=> s182
State nr.  181
P.nr:  1  2  3  4  5  6  7  8  9 10 11 12 13 14 15 16 17 18 19
toks:  5  1  0  0  0  0  0  4  1  0  0  1  0  1  0  1  1  0  0
==t3=> s134
==t10=> s159
State nr.  182
P.nr:  1  2  3  4  5  6  7  8  9 10 11 12 13 14 15 16 17 18 19
toks:  6  0  0  0  0  0  0  4  1  0  0  0  1  1  1  1  1  0  0
==t10=> s163
==t14=> s183
State nr.  183
P.nr:  1  2  3  4  5  6  7  8  9 10 11 12 13 14 15 16 17 18 19
toks:  6  0  0  0  0  0  0  5  1  0  0  0  0  1  1  1  1  1  0
==t1=> s184
==t10=> s164
State nr.  184
P.nr:  1  2  3  4  5  6  7  8  9 10 11 12 13 14 15 16 17 18 19
toks:  5  1  0  0  0  0  0  5  1  0  0  0  0  1  1  1  1  0  0
==t2=> s185
==t3=> s193
==t10=> s165
State nr.  185
P.nr:  1  2  3  4  5  6  7  8  9 10 11 12 13 14 15 16 17 18 19
toks:  5  0  1  0  0  0  0  5  1  0  0  0  0  1  0  1  1  1  0
==t1=> s186
==t5=> s187
==t10=> s166
State nr.  186
P.nr:  1  2  3  4  5  6  7  8  9 10 11 12 13 14 15 16 17 18 19
toks:  4  1  1  0  0  0  0  5  1  0  0  0  0  1  0  1  1  0  0
==t3=> s37
==t10=> s63
State nr.  187
P.nr:  1  2  3  4  5  6  7  8  9 10 11 12 13 14 15 16 17 18 19
toks:  5  0  0  0  1  0  0  5  1  0  0  0  0  1  1  1  1  0  0
==t6=> s188
==t10=> s167
State nr.  188
P.nr:  1  2  3  4  5  6  7  8  9 10 11 12 13 14 15 16 17 18 19
toks:  5  0  0  0  0  1  0  5  1  0  0  0  0  1  1  0  1  1  0
==t1=> s189
==t10=> s168
State nr.  189
P.nr:  1  2  3  4  5  6  7  8  9 10 11 12 13 14 15 16 17 18 19
toks:  4  1  0  0  0  1  0  5  1  0  0  0  0  1  1  0  1  0  0
==t2=> s39
==t3=> s190
==t10=> s169
State nr.  190
P.nr:  1  2  3  4  5  6  7  8  9 10 11 12 13 14 15 16 17 18 19
toks:  4  0  0  1  0  1  0  5  1  0  0  0  0  0  1  0  1  1  0
==t1=> s191
==t4=> s192
==t10=> s170
State nr.  191
P.nr:  1  2  3  4  5  6  7  8  9 10 11 12 13 14 15 16 17 18 19
toks:  3  1  0  1  0  1  0  5  1  0  0  0  0  0  1  0  1  0  0
==t2=> s41
==t10=> s55
State nr.  192
P.nr:  1  2  3  4  5  6  7  8  9 10 11 12 13 14 15 16 17 18 19
toks:  4  0  0  0  1  1  0  5  1  0  0  0  0  1  1  0  1  0  0
==t10=> s171
State nr.  193
P.nr:  1  2  3  4  5  6  7  8  9 10 11 12 13 14 15 16 17 18 19
toks:  5  0  0  1  0  0  0  5  1  0  0  0  0  0  1  1  1  1  0
==t1=> s36
==t4=> s187
==t10=> s194
State nr.  194
P.nr:  1  2  3  4  5  6  7  8  9 10 11 12 13 14 15 16 17 18 19
toks:  5  0  0  1  0  0  0  5  0  1  0  0  0  0  1  1  0  1  1
==t1=> s195
==t4=> s167
==t9=> s131
==t11=> s196
State nr.  195
P.nr:  1  2  3  4  5  6  7  8  9 10 11 12 13 14 15 16 17 18 19
toks:  4  1  0  1  0  0  0  5  0  1  0  0  0  0  1  1  0  0  1
==t2=> s58
==t9=> s132
State nr.  196
P.nr:  1  2  3  4  5  6  7  8  9 10 11 12 13 14 15 16 17 18 19
toks:  5  0  0  1  0  0  0  5  0  0  1  0  0  0  1  1  1  0  1
==t9=> s133
==t12=> s197
State nr.  197
P.nr:  1  2  3  4  5  6  7  8  9 10 11 12 13 14 15 16 17 18 19
toks:  5  0  0  1  0  0  0  5  0  0  0  1  0  0  0  1  1  1  1
==t1=> s198
==t4=> s199
==t9=> s134
==t13=> s215
State nr.  198
P.nr:  1  2  3  4  5  6  7  8  9 10 11 12 13 14 15 16 17 18 19
toks:  4  1  0  1  0  0  0  5  0  0  0  1  0  0  0  1  1  0  1
==t9=> s135
State nr.  199
P.nr:  1  2  3  4  5  6  7  8  9 10 11 12 13 14 15 16 17 18 19
toks:  5  0  0  0  1  0  0  5  0  0  0  1  0  1  0  1  1  0  1
==t6=> s200
==t9=> s137
State nr.  200
P.nr:  1  2  3  4  5  6  7  8  9 10 11 12 13 14 15 16 17 18 19
toks:  5  0  0  0  0  1  0  5  0  0  0  1  0  1  0  0  1  1  1
==t1=> s201
==t7=> s254
==t9=> s138
==t13=> s241
State nr.  201
P.nr:  1  2  3  4  5  6  7  8  9 10 11 12 13 14 15 16 17 18 19
toks:  4  1  0  0  0  1  0  5  0  0  0  1  0  1  0  0  1  0  1
==t3=> s202
==t7=> s252
==t9=> s139
State nr.  202
P.nr:  1  2  3  4  5  6  7  8  9 10 11 12 13 14 15 16 17 18 19
toks:  4  0  0  1  0  1  0  5  0  0  0  1  0  0  0  0  1  1  1
==t1=> s203
==t4=> s205
==t7=> s239
==t9=> s140
==t13=> s213
State nr.  203
P.nr:  1  2  3  4  5  6  7  8  9 10 11 12 13 14 15 16 17 18 19
toks:  3  1  0  1  0  1  0  5  0  0  0  1  0  0  0  0  1  0  1
==t7=> s204
==t9=> s141
State nr.  204
P.nr:  1  2  3  4  5  6  7  8  9 10 11 12 13 14 15 16 17 18 19
toks:  3  1  0  1  0  0  1  5  0  0  0  1  0  0  0  1  1  0  0
==t8=> s198
State nr.  205
P.nr:  1  2  3  4  5  6  7  8  9 10 11 12 13 14 15 16 17 18 19
toks:  4  0  0  0  1  1  0  5  0  0  0  1  0  1  0  0  1  0  1
==t7=> s206
==t9=> s144
State nr.  206
P.nr:  1  2  3  4  5  6  7  8  9 10 11 12 13 14 15 16 17 18 19
toks:  4  0  0  0  1  0  1  5  0  0  0  1  0  1  0  1  1  0  0
==t6=> s207
==t8=> s199
State nr.  207
P.nr:  1  2  3  4  5  6  7  8  9 10 11 12 13 14 15 16 17 18 19
toks:  4  0  0  0  0  1  1  5  0  0  0  1  0  1  0  0  1  1  0
==t1=> s208
==t8=> s200
==t13=> s240
State nr.  208
P.nr:  1  2  3  4  5  6  7  8  9 10 11 12 13 14 15 16 17 18 19
toks:  3  1  0  0  0  1  1  5  0  0  0  1  0  1  0  0  1  0  0
==t3=> s209
==t8=> s201
State nr.  209
P.nr:  1  2  3  4  5  6  7  8  9 10 11 12 13 14 15 16 17 18 19
toks:  3  0  0  1  0  1  1  5  0  0  0  1  0  0  0  0  1  1  0
==t1=> s210
==t4=> s211
==t8=> s202
==t13=> s212
State nr.  210
P.nr:  1  2  3  4  5  6  7  8  9 10 11 12 13 14 15 16 17 18 19
toks:  2  1  0  1  0  1  1  5  0  0  0  1  0  0  0  0  1  0  0
==t8=> s203
State nr.  211
P.nr:  1  2  3  4  5  6  7  8  9 10 11 12 13 14 15 16 17 18 19
toks:  3  0  0  0  1  1  1  5  0  0  0  1  0  1  0  0  1  0  0
==t8=> s205
State nr.  212
P.nr:  1  2  3  4  5  6  7  8  9 10 11 12 13 14 15 16 17 18 19
toks:  3  0  0  1  0  1  1  5  0  0  0  0  1  0  1  0  1  0  0
==t8=> s213
==t14=> s30
State nr.  213
P.nr:  1  2  3  4  5  6  7  8  9 10 11 12 13 14 15 16 17 18 19
toks:  4  0  0  1  0  1  0  5  0  0  0  0  1  0  1  0  1  0  1
==t7=> s214
==t9=> s233
==t14=> s223
State nr.  214
P.nr:  1  2  3  4  5  6  7  8  9 10 11 12 13 14 15 16 17 18 19
toks:  4  0  0  1  0  0  1  5  0  0  0  0  1  0  1  1  1  0  0
==t8=> s215
==t14=> s228
State nr.  215
P.nr:  1  2  3  4  5  6  7  8  9 10 11 12 13 14 15 16 17 18 19
toks:  5  0  0  1  0  0  0  5  0  0  0  0  1  0  1  1  1  0  1
==t9=> s216
==t14=> s219
State nr.  216
P.nr:  1  2  3  4  5  6  7  8  9 10 11 12 13 14 15 16 17 18 19
toks:  5  0  0  1  0  0  0  4  1  0  0  0  1  0  1  1  1  0  0
==t10=> s217
==t14=> s193
State nr.  217
P.nr:  1  2  3  4  5  6  7  8  9 10 11 12 13 14 15 16 17 18 19
toks:  5  0  0  1  0  0  0  4  0  1  0  0  1  0  1  1  0  0  1
==t9=> s218
==t14=> s194
State nr.  218
P.nr:  1  2  3  4  5  6  7  8  9 10 11 12 13 14 15 16 17 18 19
toks:  5  0  0  1  0  0  0  3  1  1  0  0  1  0  1  1  0  0  0
==t14=> s131
State nr.  219
P.nr:  1  2  3  4  5  6  7  8  9 10 11 12 13 14 15 16 17 18 19
toks:  5  0  0  1  0  0  0  6  0  0  0  0  0  0  1  1  1  1  1
==t1=> s35
==t4=> s220
==t9=> s193
State nr.  220
P.nr:  1  2  3  4  5  6  7  8  9 10 11 12 13 14 15 16 17 18 19
toks:  5  0  0  0  1  0  0  6  0  0  0  0  0  1  1  1  1  0  1
==t6=> s221
==t9=> s187
State nr.  221
P.nr:  1  2  3  4  5  6  7  8  9 10 11 12 13 14 15 16 17 18 19
toks:  5  0  0  0  0  1  0  6  0  0  0  0  0  1  1  0  1  1  1
==t1=> s222
==t7=> s232
==t9=> s188
State nr.  222
P.nr:  1  2  3  4  5  6  7  8  9 10 11 12 13 14 15 16 17 18 19
toks:  4  1  0  0  0  1  0  6  0  0  0  0  0  1  1  0  1  0  1
==t2=> s11
==t3=> s223
==t7=> s229
==t9=> s189
State nr.  223
P.nr:  1  2  3  4  5  6  7  8  9 10 11 12 13 14 15 16 17 18 19
toks:  4  0  0  1  0  1  0  6  0  0  0  0  0  0  1  0  1  1  1
==t1=> s32
==t4=> s224
==t7=> s228
==t9=> s190
State nr.  224
P.nr:  1  2  3  4  5  6  7  8  9 10 11 12 13 14 15 16 17 18 19
toks:  4  0  0  0  1  1  0  6  0  0  0  0  0  1  1  0  1  0  1
==t7=> s225
==t9=> s192
State nr.  225
P.nr:  1  2  3  4  5  6  7  8  9 10 11 12 13 14 15 16 17 18 19
toks:  4  0  0  0  1  0  1  6  0  0  0  0  0  1  1  1  1  0  0
==t6=> s226
==t8=> s220
State nr.  226
P.nr:  1  2  3  4  5  6  7  8  9 10 11 12 13 14 15 16 17 18 19
toks:  4  0  0  0  0  1  1  6  0  0  0  0  0  1  1  0  1  1  0
==t1=> s227
==t8=> s221
State nr.  227
P.nr:  1  2  3  4  5  6  7  8  9 10 11 12 13 14 15 16 17 18 19
toks:  3  1  0  0  0  1  1  6  0  0  0  0  0  1  1  0  1  0  0
==t2=> s22
==t3=> s30
==t8=> s222
State nr.  228
P.nr:  1  2  3  4  5  6  7  8  9 10 11 12 13 14 15 16 17 18 19
toks:  4  0  0  1  0  0  1  6  0  0  0  0  0  0  1  1  1  1  0
==t1=> s33
==t4=> s225
==t8=> s219
State nr.  229
P.nr:  1  2  3  4  5  6  7  8  9 10 11 12 13 14 15 16 17 18 19
toks:  4  1  0  0  0  0  1  6  0  0  0  0  0  1  1  1  1  0  0
==t2=> s230
==t3=> s228
==t8=> s2
State nr.  230
P.nr:  1  2  3  4  5  6  7  8  9 10 11 12 13 14 15 16 17 18 19
toks:  4  0  1  0  0  0  1  6  0  0  0  0  0  1  0  1  1  1  0
==t1=> s231
==t5=> s225
==t8=> s3
State nr.  231
P.nr:  1  2  3  4  5  6  7  8  9 10 11 12 13 14 15 16 17 18 19
toks:  3  1  1  0  0  0  1  6  0  0  0  0  0  1  0  1  1  0  0
==t3=> s34
==t8=> s4
State nr.  232
P.nr:  1  2  3  4  5  6  7  8  9 10 11 12 13 14 15 16 17 18 19
toks:  5  0  0  0  0  0  1  6  0  0  0  0  0  1  1  1  1  1  0
==t1=> s229
==t8=> s1
State nr.  233
P.nr:  1  2  3  4  5  6  7  8  9 10 11 12 13 14 15 16 17 18 19
toks:  4  0  0  1  0  1  0  4  1  0  0  0  1  0  1  0  1  0  0
==t10=> s234
==t14=> s190
State nr.  234
P.nr:  1  2  3  4  5  6  7  8  9 10 11 12 13 14 15 16 17 18 19
toks:  4  0  0  1  0  1  0  4  0  1  0  0  1  0  1  0  0  0  1
==t7=> s235
==t9=> s107
==t14=> s170
State nr.  235
P.nr:  1  2  3  4  5  6  7  8  9 10 11 12 13 14 15 16 17 18 19
toks:  4  0  0  1  0  0  1  4  0  1  0  0  1  0  1  1  0  0  0
==t8=> s217
==t14=> s236
State nr.  236
P.nr:  1  2  3  4  5  6  7  8  9 10 11 12 13 14 15 16 17 18 19
toks:  4  0  0  1  0  0  1  5  0  1  0  0  0  0  1  1  0  1  0
==t1=> s237
==t4=> s172
==t8=> s194
==t11=> s238
State nr.  237
P.nr:  1  2  3  4  5  6  7  8  9 10 11 12 13 14 15 16 17 18 19
toks:  3  1  0  1  0  0  1  5  0  1  0  0  0  0  1  1  0  0  0
==t2=> s57
==t8=> s195
State nr.  238
P.nr:  1  2  3  4  5  6  7  8  9 10 11 12 13 14 15 16 17 18 19
toks:  4  0  0  1  0  0  1  5  0  0  1  0  0  0  1  1  1  0  0
==t8=> s196
==t12=> s239
State nr.  239
P.nr:  1  2  3  4  5  6  7  8  9 10 11 12 13 14 15 16 17 18 19
toks:  4  0  0  1  0  0  1  5  0  0  0  1  0  0  0  1  1  1  0
==t1=> s204
==t4=> s206
==t8=> s197
==t13=> s214
State nr.  240
P.nr:  1  2  3  4  5  6  7  8  9 10 11 12 13 14 15 16 17 18 19
toks:  4  0  0  0  0  1  1  5  0  0  0  0  1  1  1  0  1  0  0
==t8=> s241
==t14=> s226
State nr.  241
P.nr:  1  2  3  4  5  6  7  8  9 10 11 12 13 14 15 16 17 18 19
toks:  5  0  0  0  0  1  0  5  0  0  0  0  1  1  1  0  1  0  1
==t7=> s242
==t9=> s244
==t14=> s221
State nr.  242
P.nr:  1  2  3  4  5  6  7  8  9 10 11 12 13 14 15 16 17 18 19
toks:  5  0  0  0  0  0  1  5  0  0  0  0  1  1  1  1  1  0  0
==t8=> s243
==t14=> s232
State nr.  243
P.nr:  1  2  3  4  5  6  7  8  9 10 11 12 13 14 15 16 17 18 19
toks:  6  0  0  0  0  0  0  5  0  0  0  0  1  1  1  1  1  0  1
==t9=> s182
==t14=> s1
State nr.  244
P.nr:  1  2  3  4  5  6  7  8  9 10 11 12 13 14 15 16 17 18 19
toks:  5  0  0  0  0  1  0  4  1  0  0  0  1  1  1  0  1  0  0
==t10=> s245
==t14=> s188
State nr.  245
P.nr:  1  2  3  4  5  6  7  8  9 10 11 12 13 14 15 16 17 18 19
toks:  5  0  0  0  0  1  0  4  0  1  0  0  1  1  1  0  0  0  1
==t7=> s246
==t9=> s114
==t14=> s168
State nr.  246
P.nr:  1  2  3  4  5  6  7  8  9 10 11 12 13 14 15 16 17 18 19
toks:  5  0  0  0  0  0  1  4  0  1  0  0  1  1  1  1  0  0  0
==t8=> s163
==t14=> s247
State nr.  247
P.nr:  1  2  3  4  5  6  7  8  9 10 11 12 13 14 15 16 17 18 19
toks:  5  0  0  0  0  0  1  5  0  1  0  0  0  1  1  1  0  1  0
==t1=> s248
==t8=> s164
==t11=> s177
State nr.  248
P.nr:  1  2  3  4  5  6  7  8  9 10 11 12 13 14 15 16 17 18 19
toks:  4  1  0  0  0  0  1  5  0  1  0  0  0  1  1  1  0  0  0
==t2=> s249
==t3=> s236
==t8=> s165
State nr.  249
P.nr:  1  2  3  4  5  6  7  8  9 10 11 12 13 14 15 16 17 18 19
toks:  4  0  1  0  0  0  1  5  0  1  0  0  0  1  0  1  0  1  0
==t1=> s62
==t5=> s172
==t8=> s166
==t11=> s250
State nr.  250
P.nr:  1  2  3  4  5  6  7  8  9 10 11 12 13 14 15 16 17 18 19
toks:  4  0  1  0  0  0  1  5  0  0  1  0  0  1  0  1  1  0  0
==t8=> s251
State nr.  251
P.nr:  1  2  3  4  5  6  7  8  9 10 11 12 13 14 15 16 17 18 19
toks:  5  0  1  0  0  0  0  5  0  0  1  0  0  1  0  1  1  0  1
==t9=> s130
State nr.  252
P.nr:  1  2  3  4  5  6  7  8  9 10 11 12 13 14 15 16 17 18 19
toks:  4  1  0  0  0  0  1  5  0  0  0  1  0  1  0  1  1  0  0
==t3=> s239
==t8=> s253
State nr.  253
P.nr:  1  2  3  4  5  6  7  8  9 10 11 12 13 14 15 16 17 18 19
toks:  5  1  0  0  0  0  0  5  0  0  0  1  0  1  0  1  1  0  1
==t3=> s197
==t9=> s181
State nr.  254
P.nr:  1  2  3  4  5  6  7  8  9 10 11 12 13 14 15 16 17 18 19
toks:  5  0  0  0  0  0  1  5  0  0  0  1  0  1  0  1  1  1  0
==t1=> s252
==t8=> s255
==t13=> s242
State nr.  255
P.nr:  1  2  3  4  5  6  7  8  9 10 11 12 13 14 15 16 17 18 19
toks:  6  0  0  0  0  0  0  5  0  0  0  1  0  1  0  1  1  1  1
==t1=> s253
==t9=> s180
==t13=> s243
State nr.  256
P.nr:  1  2  3  4  5  6  7  8  9 10 11 12 13 14 15 16 17 18 19
toks:  4  0  0  1  0  1  0  5  0  0  1  0  0  0  1  0  1  0  1
==t7=> s238
==t9=> s88
==t12=> s202
State nr.  257
P.nr:  1  2  3  4  5  6  7  8  9 10 11 12 13 14 15 16 17 18 19
toks:  5  0  0  0  0  0  1  4  0  0  1  1  0  1  0  1  1  0  0
==t8=> s162
State nr.  258
P.nr:  1  2  3  4  5  6  7  8  9 10 11 12 13 14 15 16 17 18 19
toks:  5  0  0  0  0  1  0  4  0  0  1  1  0  1  0  0  1  0  1
==t7=> s257
==t9=> s108
State nr.  259
P.nr:  1  2  3  4  5  6  7  8  9 10 11 12 13 14 15 16 17 18 19
toks:  5  0  0  1  0  0  0  4  0  0  1  1  0  0  0  1  1  0  1
==t9=> s260
State nr.  260
P.nr:  1  2  3  4  5  6  7  8  9 10 11 12 13 14 15 16 17 18 19
toks:  5  0  0  1  0  0  0  3  1  0  1  1  0  0  0  1  1  0  0
==t10=> s104
State nr.  261
P.nr:  1  2  3  4  5  6  7  8  9 10 11 12 13 14 15 16 17 18 19
toks:  4  0  0  1  0  0  1  4  0  0  1  1  0  0  0  1  1  0  0
==t8=> s259
State nr.  262
P.nr:  1  2  3  4  5  6  7  8  9 10 11 12 13 14 15 16 17 18 19
toks:  4  0  0  1  0  1  0  4  0  0  1  1  0  0  0  0  1  0  1
==t7=> s261
==t9=> s101
State nr.  263
P.nr:  1  2  3  4  5  6  7  8  9 10 11 12 13 14 15 16 17 18 19
toks:  3  0  0  1  0  1  1  4  0  0  1  1  0  0  0  0  1  0  0
==t8=> s262
State nr.  264
P.nr:  1  2  3  4  5  6  7  8  9 10 11 12 13 14 15 16 17 18 19
toks:  3  0  0  1  0  1  1  4  0  1  0  0  1  0  1  0  0  0  0
==t8=> s234
==t14=> s53
State nr.  265
P.nr:  1  2  3  4  5  6  7  8  9 10 11 12 13 14 15 16 17 18 19
toks:  4  0  0  0  0  1  1  4  0  0  1  1  0  1  0  0  1  0  0
==t8=> s258
State nr.  266
P.nr:  1  2  3  4  5  6  7  8  9 10 11 12 13 14 15 16 17 18 19
toks:  4  0  0  0  0  1  1  4  0  1  0  0  1  1  1  0  0  0  0
==t8=> s245
==t14=> s173
State nr.  267
P.nr:  1  2  3  4  5  6  7  8  9 10 11 12 13 14 15 16 17 18 19
toks:  5  0  0  0  0  1  0  3  1  1  1  0  0  1  1  0  0  0  0
==t12=> s96
State nr.  268
P.nr:  1  2  3  4  5  6  7  8  9 10 11 12 13 14 15 16 17 18 19
toks:  4  0  0  1  0  1  0  3  1  1  1  0  0  0  1  0  0  0  0
==t12=> s98
State nr.  269
P.nr:  1  2  3  4  5  6  7  8  9 10 11 12 13 14 15 16 17 18 19
toks:  4  0  1  1  0  0  0  4  1  0  1  0  0  0  0  1  1  0  0
==t10=> s75
State nr.  270
P.nr:  1  2  3  4  5  6  7  8  9 10 11 12 13 14 15 16 17 18 19
toks:  4  0  1  0  0  1  0  5  0  0  1  0  0  1  0  0  1  0  1
==t7=> s250
==t9=> s79
State nr.  271
P.nr:  1  2  3  4  5  6  7  8  9 10 11 12 13 14 15 16 17 18 19
toks:  4  0  0  1  1  0  0  5  0  1  0  0  0  0  1  1  0  0  1
==t6=> s170
==t9=> s85
State nr.  272
P.nr:  1  2  3  4  5  6  7  8  9 10 11 12 13 14 15 16 17 18 19
toks:  4  0  1  1  0  0  0  5  0  0  1  0  0  0  0  1  1  0  1
==t9=> s269
State nr.  273
P.nr:  1  2  3  4  5  6  7  8  9 10 11 12 13 14 15 16 17 18 19
toks:  3  0  1  1  0  0  1  5  0  0  1  0  0  0  0  1  1  0  0
==t8=> s272
State nr.  274
P.nr:  1  2  3  4  5  6  7  8  9 10 11 12 13 14 15 16 17 18 19
toks:  3  0  1  1  0  1  0  5  0  0  1  0  0  0  0  0  1  0  1
==t7=> s273
==t9=> s72
State nr.  275
P.nr:  1  2  3  4  5  6  7  8  9 10 11 12 13 14 15 16 17 18 19
toks:  3  0  0  0  1  1  1  5  0  1  0  0  0  1  1  0  0  0  0
==t8=> s171
State nr.  276
P.nr:  1  2  3  4  5  6  7  8  9 10 11 12 13 14 15 16 17 18 19
toks:  3  0  0  1  0  1  1  5  0  0  1  0  0  0  1  0  1  0  0
==t8=> s256
==t12=> s209
State nr.  277
P.nr:  1  2  3  4  5  6  7  8  9 10 11 12 13 14 15 16 17 18 19
toks:  2  0  1  1  0  1  1  5  0  0  1  0  0  0  0  0  1  0  0
==t8=> s274
State nr.  278
P.nr:  1  2  3  4  5  6  7  8  9 10 11 12 13 14 15 16 17 18 19
toks:  3  0  1  0  0  1  1  5  0  0  1  0  0  1  0  0  1  0  0
==t8=> s270
State nr.  279
P.nr:  1  2  3  4  5  6  7  8  9 10 11 12 13 14 15 16 17 18 19
toks:  3  0  0  1  1  1  0  5  1  0  0  0  0  0  1  0  1  0  0
==t10=> s51
State nr.  280
P.nr:  1  2  3  4  5  6  7  8  9 10 11 12 13 14 15 16 17 18 19
toks:  4  0  0  1  1  0  0  5  1  0  0  0  0  0  1  1  1  0  0
==t6=> s190
==t10=> s271
State nr.  281
P.nr:  1  2  3  4  5  6  7  8  9 10 11 12 13 14 15 16 17 18 19
toks:  3  0  0  0  1  1  1  6  0  0  0  0  0  1  1  0  1  0  0
==t8=> s224
State nr.  282
P.nr:  1  2  3  4  5  6  7  8  9 10 11 12 13 14 15 16 17 18 19
toks:  4  0  0  1  1  0  0  6  0  0  0  0  0  0  1  1  1  0  1
==t6=> s223
==t9=> s280
