State nr.    1
P.nr:  1  2  3  4  5  6  7  8  9 10 11
toks:  4  0  0  0  0  0  0  4  2  1  2
==t1=> s2
==t5=> s29
State nr.    2
P.nr:  1  2  3  4  5  6  7  8  9 10 11
toks:  3  1  0  0  0  0  0  4  1  1  2
==t1=> s3
==t2=> s13
==t5=> s24
State nr.    3
P.nr:  1  2  3  4  5  6  7  8  9 10 11
toks:  2  2  0  0  0  0  0  4  0  1  2
==t2=> s4
==t5=> s19
State nr.    4
P.nr:  1  2  3  4  5  6  7  8  9 10 11
toks:  2  1  1  0  0  0  0  4  1  0  2
==t1=> s5
==t3=> s11
==t5=> s16
State nr.    5
P.nr:  1  2  3  4  5  6  7  8  9 10 11
toks:  1  2  1  0  0  0  0  4  0  0  2
==t3=> s6
==t5=> s9
State nr.    6
P.nr:  1  2  3  4  5  6  7  8  9 10 11
toks:  1  2  0  1  0  0  0  4  0  1  0
==t2=> s7
==t4=> s3
State nr.    7
P.nr:  1  2  3  4  5  6  7  8  9 10 11
toks:  1  1  1  1  0  0  0  4  1  0  0
==t1=> s8
==t4=> s4
State nr.    8
P.nr:  1  2  3  4  5  6  7  8  9 10 11
toks:  0  2  1  1  0  0  0  4  0  0  0
==t4=> s5
State nr.    9
P.nr:  1  2  3  4  5  6  7  8  9 10 11
toks:  1  2  1  0  1  0  0  3  0  0  1
==t5=> s10
State nr.   10
P.nr:  1  2  3  4  5  6  7  8  9 10 11
toks:  1  2  1  0  2  0  0  2  0  0  0
dead state
State nr.   11
P.nr:  1  2  3  4  5  6  7  8  9 10 11
toks:  2  1  0  1  0  0  0  4  1  1  0
==t1=> s6
==t2=> s12
==t4=> s2
State nr.   12
P.nr:  1  2  3  4  5  6  7  8  9 10 11
toks:  2  0  1  1  0  0  0  4  2  0  0
==t1=> s7
==t4=> s13
State nr.   13
P.nr:  1  2  3  4  5  6  7  8  9 10 11
toks:  3  0  1  0  0  0  0  4  2  0  2
==t1=> s4
==t3=> s14
==t5=> s15
State nr.   14
P.nr:  1  2  3  4  5  6  7  8  9 10 11
toks:  3  0  0  1  0  0  0  4  2  1  0
==t1=> s11
==t4=> s1
State nr.   15
P.nr:  1  2  3  4  5  6  7  8  9 10 11
toks:  3  0  1  0  1  0  0  3  2  0  1
==t1=> s16
==t5=> s18
State nr.   16
P.nr:  1  2  3  4  5  6  7  8  9 10 11
toks:  2  1  1  0  1  0  0  3  1  0  1
==t1=> s9
==t5=> s17
State nr.   17
P.nr:  1  2  3  4  5  6  7  8  9 10 11
toks:  2  1  1  0  2  0  0  2  1  0  0
==t1=> s10
State nr.   18
P.nr:  1  2  3  4  5  6  7  8  9 10 11
toks:  3  0  1  0  2  0  0  2  2  0  0
==t1=> s17
State nr.   19
P.nr:  1  2  3  4  5  6  7  8  9 10 11
toks:  2  2  0  0  1  0  0  3  0  1  1
==t2=> s16
==t5=> s20
==t6=> s23
State nr.   20
P.nr:  1  2  3  4  5  6  7  8  9 10 11
toks:  2  2  0  0  2  0  0  2  0  1  0
==t2=> s17
==t6=> s21
State nr.   21
P.nr:  1  2  3  4  5  6  7  8  9 10 11
toks:  2  2  0  0  1  1  0  2  0  0  1
==t5=> s22
State nr.   22
P.nr:  1  2  3  4  5  6  7  8  9 10 11
toks:  2  2  0  0  2  1  0  1  0  0  0
dead state
State nr.   23
P.nr:  1  2  3  4  5  6  7  8  9 10 11
toks:  2  2  0  0  0  1  0  3  0  0  2
==t5=> s21
State nr.   24
P.nr:  1  2  3  4  5  6  7  8  9 10 11
toks:  3  1  0  0  1  0  0  3  1  1  1
==t1=> s19
==t2=> s15
==t5=> s25
==t6=> s28
State nr.   25
P.nr:  1  2  3  4  5  6  7  8  9 10 11
toks:  3  1  0  0  2  0  0  2  1  1  0
==t1=> s20
==t2=> s18
==t6=> s26
State nr.   26
P.nr:  1  2  3  4  5  6  7  8  9 10 11
toks:  3  1  0  0  1  1  0  2  1  0  1
==t1=> s21
==t5=> s27
State nr.   27
P.nr:  1  2  3  4  5  6  7  8  9 10 11
toks:  3  1  0  0  2  1  0  1  1  0  0
==t1=> s22
State nr.   28
P.nr:  1  2  3  4  5  6  7  8  9 10 11
toks:  3  1  0  0  0  1  0  3  1  0  2
==t1=> s23
==t5=> s26
State nr.   29
P.nr:  1  2  3  4  5  6  7  8  9 10 11
toks:  4  0  0  0  1  0  0  3  2  1  1
==t1=> s24
==t5=> s30
==t6=> s38
State nr.   30
P.nr:  1  2  3  4  5  6  7  8  9 10 11
toks:  4  0  0  0  2  0  0  2  2  1  0
==t1=> s25
==t6=> s31
State nr.   31
P.nr:  1  2  3  4  5  6  7  8  9 10 11
toks:  4  0  0  0  1  1  0  2  2  0  1
==t1=> s26
==t5=> s32
==t7=> s36
State nr.   32
P.nr:  1  2  3  4  5  6  7  8  9 10 11
toks:  4  0  0  0  2  1  0  1  2  0  0
==t1=> s27
==t7=> s33
State nr.   33
P.nr:  1  2  3  4  5  6  7  8  9 10 11
toks:  4  0  0  0  2  0  1  1  0  1  0
==t6=> s34
==t8=> s30
State nr.   34
P.nr:  1  2  3  4  5  6  7  8  9 10 11
toks:  4  0  0  0  1  1  1  1  0  0  1
==t5=> s35
==t8=> s31
State nr.   35
P.nr:  1  2  3  4  5  6  7  8  9 10 11
toks:  4  0  0  0  2  1  1  0  0  0  0
==t8=> s32
State nr.   36
P.nr:  1  2  3  4  5  6  7  8  9 10 11
toks:  4  0  0  0  1  0  1  2  0  1  1
==t5=> s33
==t6=> s37
==t8=> s29
State nr.   37
P.nr:  1  2  3  4  5  6  7  8  9 10 11
toks:  4  0  0  0  0  1  1  2  0  0  2
==t5=> s34
==t8=> s38
State nr.   38
P.nr:  1  2  3  4  5  6  7  8  9 10 11
toks:  4  0  0  0  0  1  0  3  2  0  2
==t1=> s28
==t5=> s31
==t7=> s39
State nr.   39
P.nr:  1  2  3  4  5  6  7  8  9 10 11
toks:  4  0  0  0  0  0  1  3  0  1  2
==t5=> s36
==t8=> s1
