State nr.      11
P.nr:   1   2   3   4   5   6   7   8   9  10  11  12  13  14  15  16  17  18  19
toks:   1   1   0   0   3   0   0   0   4   0   0   0   0   0   0   1   1   1   1
State nr.      30
P.nr:   1   2   3   4   5   6   7   8   9  10  11  12  13  14  15  16  17  18  19
toks:   1   1   0   0   3   0   0   0   3   1   0   0   0   0   0   1   1   1   1
State nr.      31
P.nr:   1   2   3   4   5   6   7   8   9  10  11  12  13  14  15  16  17  18  19
toks:   1   1   0   0   3   0   0   0   2   2   0   0   0   0   0   1   1   1   1
State nr.      32
P.nr:   1   2   3   4   5   6   7   8   9  10  11  12  13  14  15  16  17  18  19
toks:   1   1   0   0   3   0   0   0   1   3   0   0   0   0   0   1   1   1   1
State nr.      33
P.nr:   1   2   3   4   5   6   7   8   9  10  11  12  13  14  15  16  17  18  19
toks:   1   1   0   0   3   0   0   0   0   4   0   0   0   0   0   1   1   1   1
State nr.      34
P.nr:   1   2   3   4   5   6   7   8   9  10  11  12  13  14  15  16  17  18  19
toks:   1   1   0   0   3   0   0   0   0   3   1   0   0   0   0   1   1   0   1
State nr.      35
P.nr:   1   2   3   4   5   6   7   8   9  10  11  12  13  14  15  16  17  18  19
toks:   1   1   0   0   3   0   0   0   1   2   1   0   0   0   0   1   1   0   1
State nr.      36
P.nr:   1   2   3   4   5   6   7   8   9  10  11  12  13  14  15  16  17  18  19
toks:   1   1   0   0   3   0   0   0   2   1   1   0   0   0   0   1   1   0   1
State nr.      37
P.nr:   1   2   3   4   5   6   7   8   9  10  11  12  13  14  15  16  17  18  19
toks:   1   1   0   0   3   0   0   0   3   0   1   0   0   0   0   1   1   0   1
State nr.      38
P.nr:   1   2   3   4   5   6   7   8   9  10  11  12  13  14  15  16  17  18  19
toks:   1   0   1   1   2   0   0   0   4   0   0   0   0   1   0   0   0   1   1
State nr.      48
P.nr:   1   2   3   4   5   6   7   8   9  10  11  12  13  14  15  16  17  18  19
toks:   1   0   1   1   2   0   0   0   3   1   0   0   0   1   0   0   0   1   1
State nr.      49
P.nr:   1   2   3   4   5   6   7   8   9  10  11  12  13  14  15  16  17  18  19
toks:   1   0   1   1   2   0   0   0   2   2   0   0   0   1   0   0   0   1   1
State nr.      50
P.nr:   1   2   3   4   5   6   7   8   9  10  11  12  13  14  15  16  17  18  19
toks:   1   0   1   1   2   0   0   0   1   3   0   0   0   1   0   0   0   1   1
State nr.      51
P.nr:   1   2   3   4   5   6   7   8   9  10  11  12  13  14  15  16  17  18  19
toks:   1   0   1   1   2   0   0   0   0   4   0   0   0   1   0   0   0   1   1
State nr.      52
P.nr:   1   2   3   4   5   6   7   8   9  10  11  12  13  14  15  16  17  18  19
toks:   1   0   1   1   2   0   0   0   0   3   1   0   0   1   0   0   0   0   1
State nr.      53
P.nr:   1   2   3   4   5   6   7   8   9  10  11  12  13  14  15  16  17  18  19
toks:   1   0   1   1   2   0   0   0   1   2   1   0   0   1   0   0   0   0   1
State nr.      54
P.nr:   1   2   3   4   5   6   7   8   9  10  11  12  13  14  15  16  17  18  19
toks:   1   0   1   1   2   0   0   0   2   1   1   0   0   1   0   0   0   0   1
State nr.      55
P.nr:   1   2   3   4   5   6   7   8   9  10  11  12  13  14  15  16  17  18  19
toks:   1   0   1   1   2   0   0   0   3   0   1   0   0   1   0   0   0   0   1
State nr.      76
P.nr:   1   2   3   4   5   6   7   8   9  10  11  12  13  14  15  16  17  18  19
toks:   2   0   0   0   3   0   0   0   1   3   0   0   0   1   0   1   1   1   1
State nr.      77
P.nr:   1   2   3   4   5   6   7   8   9  10  11  12  13  14  15  16  17  18  19
toks:   2   0   0   0   3   0   0   0   0   4   0   0   0   1   0   1   1   1   1
State nr.      78
P.nr:   1   2   3   4   5   6   7   8   9  10  11  12  13  14  15  16  17  18  19
toks:   2   0   0   0   3   0   0   0   0   3   1   0   0   1   0   1   1   0   1
State nr.      79
P.nr:   1   2   3   4   5   6   7   8   9  10  11  12  13  14  15  16  17  18  19
toks:   2   0   0   0   3   0   0   0   1   2   1   0   0   1   0   1   1   0   1
State nr.      92
P.nr:   1   2   3   4   5   6   7   8   9  10  11  12  13  14  15  16  17  18  19
toks:   1   1   0   1   2   0   0   0   1   3   0   0   0   0   0   0   1   1   1
State nr.      93
P.nr:   1   2   3   4   5   6   7   8   9  10  11  12  13  14  15  16  17  18  19
toks:   1   1   0   1   2   0   0   0   0   4   0   0   0   0   0   0   1   1   1
State nr.      94
P.nr:   1   2   3   4   5   6   7   8   9  10  11  12  13  14  15  16  17  18  19
toks:   1   1   0   1   2   0   0   0   0   3   1   0   0   0   0   0   1   0   1
State nr.      95
P.nr:   1   2   3   4   5   6   7   8   9  10  11  12  13  14  15  16  17  18  19
toks:   1   1   0   1   2   0   0   0   1   2   1   0   0   0   0   0   1   0   1
State nr.     123
P.nr:   1   2   3   4   5   6   7   8   9  10  11  12  13  14  15  16  17  18  19
toks:   2   0   0   1   2   0   0   0   0   3   1   0   0   1   0   0   1   0   1
State nr.     143
P.nr:   1   2   3   4   5   6   7   8   9  10  11  12  13  14  15  16  17  18  19
toks:   1   1   0   0   3   0   0   0   0   2   1   0   1   0   0   1   1   0   0
State nr.     146
P.nr:   1   2   3   4   5   6   7   8   9  10  11  12  13  14  15  16  17  18  19
toks:   1   0   1   1   2   0   0   0   0   2   1   0   1   1   0   0   0   0   0
State nr.     169
P.nr:   1   2   3   4   5   6   7   8   9  10  11  12  13  14  15  16  17  18  19
toks:   2   0   0   1   2   0   0   0   1   2   1   0   0   1   0   0   1   0   1
State nr.     189
P.nr:   1   2   3   4   5   6   7   8   9  10  11  12  13  14  15  16  17  18  19
toks:   1   1   0   0   3   0   0   0   1   1   1   0   1   0   0   1   1   0   0
State nr.     192
P.nr:   1   2   3   4   5   6   7   8   9  10  11  12  13  14  15  16  17  18  19
toks:   1   0   1   1   2   0   0   0   1   1   1   0   1   1   0   0   0   0   0
State nr.     202
P.nr:   1   2   3   4   5   6   7   8   9  10  11  12  13  14  15  16  17  18  19
toks:   2   0   0   0   3   0   0   0   2   1   1   0   0   1   0   1   1   0   1
State nr.     215
P.nr:   1   2   3   4   5   6   7   8   9  10  11  12  13  14  15  16  17  18  19
toks:   1   1   0   1   2   0   0   0   2   1   1   0   0   0   0   0   1   0   1
State nr.     217
P.nr:   1   2   3   4   5   6   7   8   9  10  11  12  13  14  15  16  17  18  19
toks:   2   0   0   1   2   0   0   0   2   1   1   0   0   1   0   0   1   0   1
State nr.     237
P.nr:   1   2   3   4   5   6   7   8   9  10  11  12  13  14  15  16  17  18  19
toks:   1   1   0   0   3   0   0   0   2   0   1   0   1   0   0   1   1   0   0
State nr.     240
P.nr:   1   2   3   4   5   6   7   8   9  10  11  12  13  14  15  16  17  18  19
toks:   1   0   1   1   2   0   0   0   2   0   1   0   1   1   0   0   0   0   0
State nr.     250
P.nr:   1   2   3   4   5   6   7   8   9  10  11  12  13  14  15  16  17  18  19
toks:   2   0   0   0   3   0   0   0   3   0   1   0   0   1   0   1   1   0   1
State nr.     263
P.nr:   1   2   3   4   5   6   7   8   9  10  11  12  13  14  15  16  17  18  19
toks:   1   1   0   1   2   0   0   0   3   0   1   0   0   0   0   0   1   0   1
State nr.     265
P.nr:   1   2   3   4   5   6   7   8   9  10  11  12  13  14  15  16  17  18  19
toks:   2   0   0   1   2   0   0   0   3   0   1   0   0   1   0   0   1   0   1
State nr.     284
P.nr:   1   2   3   4   5   6   7   8   9  10  11  12  13  14  15  16  17  18  19
toks:   1   1   0   0   3   0   0   0   3   0   0   0   1   0   0   1   1   1   0
State nr.     293
P.nr:   1   2   3   4   5   6   7   8   9  10  11  12  13  14  15  16  17  18  19
toks:   1   1   0   0   3   0   0   0   2   1   0   0   1   0   0   1   1   1   0
State nr.     294
P.nr:   1   2   3   4   5   6   7   8   9  10  11  12  13  14  15  16  17  18  19
toks:   1   1   0   0   3   0   0   0   1   2   0   0   1   0   0   1   1   1   0
State nr.     295
P.nr:   1   2   3   4   5   6   7   8   9  10  11  12  13  14  15  16  17  18  19
toks:   1   1   0   0   3   0   0   0   0   3   0   0   1   0   0   1   1   1   0
State nr.     296
P.nr:   1   2   3   4   5   6   7   8   9  10  11  12  13  14  15  16  17  18  19
toks:   1   0   1   1   2   0   0   0   3   0   0   0   1   1   0   0   0   1   0
State nr.     301
P.nr:   1   2   3   4   5   6   7   8   9  10  11  12  13  14  15  16  17  18  19
toks:   1   0   1   1   2   0   0   0   2   1   0   0   1   1   0   0   0   1   0
State nr.     302
P.nr:   1   2   3   4   5   6   7   8   9  10  11  12  13  14  15  16  17  18  19
toks:   1   0   1   1   2   0   0   0   1   2   0   0   1   1   0   0   0   1   0
State nr.     303
P.nr:   1   2   3   4   5   6   7   8   9  10  11  12  13  14  15  16  17  18  19
toks:   1   0   1   1   2   0   0   0   0   3   0   0   1   1   0   0   0   1   0
State nr.     324
P.nr:   1   2   3   4   5   6   7   8   9  10  11  12  13  14  15  16  17  18  19
toks:   2   0   0   0   3   0   0   0   0   3   0   0   1   1   0   1   1   1   0
State nr.     325
P.nr:   1   2   3   4   5   6   7   8   9  10  11  12  13  14  15  16  17  18  19
toks:   2   0   0   0   3   0   0   0   0   2   1   0   1   1   0   1   1   0   0
State nr.     338
P.nr:   1   2   3   4   5   6   7   8   9  10  11  12  13  14  15  16  17  18  19
toks:   1   1   0   1   2   0   0   0   0   3   0   0   1   0   0   0   1   1   0
State nr.     339
P.nr:   1   2   3   4   5   6   7   8   9  10  11  12  13  14  15  16  17  18  19
toks:   1   1   0   1   2   0   0   0   0   2   1   0   1   0   0   0   1   0   0
State nr.     343
P.nr:   1   2   3   4   5   6   7   8   9  10  11  12  13  14  15  16  17  18  19
toks:   2   0   0   1   2   0   0   0   0   3   0   0   1   1   0   0   1   1   0
State nr.     344
P.nr:   1   2   3   4   5   6   7   8   9  10  11  12  13  14  15  16  17  18  19
toks:   2   0   0   1   2   0   0   0   0   2   1   0   1   1   0   0   1   0   0
State nr.     345
P.nr:   1   2   3   4   5   6   7   8   9  10  11  12  13  14  15  16  17  18  19
toks:   2   0   0   1   2   0   0   0   1   3   0   0   0   1   0   0   1   1   1
State nr.     346
P.nr:   1   2   3   4   5   6   7   8   9  10  11  12  13  14  15  16  17  18  19
toks:   2   0   0   1   2   0   0   0   0   4   0   0   0   1   0   0   1   1   1
State nr.     497
P.nr:   1   2   3   4   5   6   7   8   9  10  11  12  13  14  15  16  17  18  19
toks:   1   1   0   1   2   0   0   0   1   2   0   0   1   0   0   0   1   1   0
State nr.     498
P.nr:   1   2   3   4   5   6   7   8   9  10  11  12  13  14  15  16  17  18  19
toks:   1   1   0   1   2   0   0   0   1   1   1   0   1   0   0   0   1   0   0
State nr.     499
P.nr:   1   2   3   4   5   6   7   8   9  10  11  12  13  14  15  16  17  18  19
toks:   1   1   0   1   2   0   0   0   2   2   0   0   0   0   0   0   1   1   1
State nr.     504
P.nr:   1   2   3   4   5   6   7   8   9  10  11  12  13  14  15  16  17  18  19
toks:   2   0   0   1   2   0   0   0   1   2   0   0   1   1   0   0   1   1   0
State nr.     505
P.nr:   1   2   3   4   5   6   7   8   9  10  11  12  13  14  15  16  17  18  19
toks:   2   0   0   0   3   0   0   0   1   2   0   0   1   1   0   1   1   1   0
State nr.     506
P.nr:   1   2   3   4   5   6   7   8   9  10  11  12  13  14  15  16  17  18  19
toks:   2   0   0   0   3   0   0   0   1   1   1   0   1   1   0   1   1   0   0
State nr.     507
P.nr:   1   2   3   4   5   6   7   8   9  10  11  12  13  14  15  16  17  18  19
toks:   2   0   0   0   3   0   0   0   2   2   0   0   0   1   0   1   1   1   1
State nr.     508
P.nr:   1   2   3   4   5   6   7   8   9  10  11  12  13  14  15  16  17  18  19
toks:   2   0   0   1   2   0   0   0   1   1   1   0   1   1   0   0   1   0   0
State nr.     509
P.nr:   1   2   3   4   5   6   7   8   9  10  11  12  13  14  15  16  17  18  19
toks:   2   0   0   1   2   0   0   0   2   2   0   0   0   1   0   0   1   1   1
State nr.     617
P.nr:   1   2   3   4   5   6   7   8   9  10  11  12  13  14  15  16  17  18  19
toks:   1   1   0   1   2   0   0   0   2   0   1   0   1   0   0   0   1   0   0
State nr.     618
P.nr:   1   2   3   4   5   6   7   8   9  10  11  12  13  14  15  16  17  18  19
toks:   2   0   0   1   2   0   0   0   2   0   1   0   1   1   0   0   1   0   0
State nr.     619
P.nr:   1   2   3   4   5   6   7   8   9  10  11  12  13  14  15  16  17  18  19
toks:   2   0   0   0   3   0   0   0   2   0   1   0   1   1   0   1   1   0   0
State nr.     639
P.nr:   1   2   3   4   5   6   7   8   9  10  11  12  13  14  15  16  17  18  19
toks:   1   1   0   1   2   0   0   0   2   1   0   0   1   0   0   0   1   1   0
State nr.     640
P.nr:   1   2   3   4   5   6   7   8   9  10  11  12  13  14  15  16  17  18  19
toks:   1   1   0   1   2   0   0   0   3   1   0   0   0   0   0   0   1   1   1
State nr.     644
P.nr:   1   2   3   4   5   6   7   8   9  10  11  12  13  14  15  16  17  18  19
toks:   2   0   0   1   2   0   0   0   2   1   0   0   1   1   0   0   1   1   0
State nr.     645
P.nr:   1   2   3   4   5   6   7   8   9  10  11  12  13  14  15  16  17  18  19
toks:   2   0   0   0   3   0   0   0   2   1   0   0   1   1   0   1   1   1   0
State nr.     646
P.nr:   1   2   3   4   5   6   7   8   9  10  11  12  13  14  15  16  17  18  19
toks:   2   0   0   0   3   0   0   0   3   1   0   0   0   1   0   1   1   1   1
State nr.     647
P.nr:   1   2   3   4   5   6   7   8   9  10  11  12  13  14  15  16  17  18  19
toks:   2   0   0   1   2   0   0   0   3   1   0   0   0   1   0   0   1   1   1
State nr.     792
P.nr:   1   2   3   4   5   6   7   8   9  10  11  12  13  14  15  16  17  18  19
toks:   1   1   0   1   2   0   0   0   3   0   0   0   1   0   0   0   1   1   0
State nr.     793
P.nr:   1   2   3   4   5   6   7   8   9  10  11  12  13  14  15  16  17  18  19
toks:   1   1   0   1   2   0   0   0   4   0   0   0   0   0   0   0   1   1   1
State nr.     797
P.nr:   1   2   3   4   5   6   7   8   9  10  11  12  13  14  15  16  17  18  19
toks:   2   0   0   1   2   0   0   0   3   0   0   0   1   1   0   0   1   1   0
State nr.     798
P.nr:   1   2   3   4   5   6   7   8   9  10  11  12  13  14  15  16  17  18  19
toks:   2   0   0   0   3   0   0   0   3   0   0   0   1   1   0   1   1   1   0
State nr.     799
P.nr:   1   2   3   4   5   6   7   8   9  10  11  12  13  14  15  16  17  18  19
toks:   2   0   0   0   3   0   0   0   4   0   0   0   0   1   0   1   1   1   1
State nr.     800
P.nr:   1   2   3   4   5   6   7   8   9  10  11  12  13  14  15  16  17  18  19
toks:   2   0   0   1   2   0   0   0   4   0   0   0   0   1   0   0   1   1   1
