State nr.       8
P.nr:   1   2   3   4   5   6   7   8   9  10  11  12  13  14  15  16  17  18  19
toks:   2   1   0   0   2   0   0   0   4   0   0   0   0   0   1   1   1   1   1
==t4=> s800
State nr.       9
P.nr:   1   2   3   4   5   6   7   8   9  10  11  12  13  14  15  16  17  18  19
toks:   2   0   1   0   2   0   0   0   4   0   0   0   0   1   1   1   0   1   1
==t3=> s799
State nr.      10
P.nr:   1   2   3   4   5   6   7   8   9  10  11  12  13  14  15  16  17  18  19
toks:   1   1   1   0   2   0   0   0   4   0   0   0   0   0   1   1   0   1   1
==t3=> s11
State nr.      10
P.nr:   1   2   3   4   5   6   7   8   9  10  11  12  13  14  15  16  17  18  19
toks:   1   1   1   0   2   0   0   0   4   0   0   0   0   0   1   1   0   1   1
==t4=> s38
State nr.      60
P.nr:   1   2   3   4   5   6   7   8   9  10  11  12  13  14  15  16  17  18  19
toks:   2   1   0   0   2   0   0   0   3   1   0   0   0   0   1   1   1   1   1
==t4=> s647
State nr.      61
P.nr:   1   2   3   4   5   6   7   8   9  10  11  12  13  14  15  16  17  18  19
toks:   2   0   1   0   2   0   0   0   3   1   0   0   0   1   1   1   0   1   1
==t3=> s646
State nr.      62
P.nr:   1   2   3   4   5   6   7   8   9  10  11  12  13  14  15  16  17  18  19
toks:   1   1   1   0   2   0   0   0   3   1   0   0   0   0   1   1   0   1   1
==t3=> s30
State nr.      62
P.nr:   1   2   3   4   5   6   7   8   9  10  11  12  13  14  15  16  17  18  19
toks:   1   1   1   0   2   0   0   0   3   1   0   0   0   0   1   1   0   1   1
==t4=> s48
State nr.      67
P.nr:   1   2   3   4   5   6   7   8   9  10  11  12  13  14  15  16  17  18  19
toks:   2   1   0   0   2   0   0   0   2   2   0   0   0   0   1   1   1   1   1
==t4=> s509
State nr.      68
P.nr:   1   2   3   4   5   6   7   8   9  10  11  12  13  14  15  16  17  18  19
toks:   2   0   1   0   2   0   0   0   2   2   0   0   0   1   1   1   0   1   1
==t3=> s507
State nr.      69
P.nr:   1   2   3   4   5   6   7   8   9  10  11  12  13  14  15  16  17  18  19
toks:   1   1   1   0   2   0   0   0   2   2   0   0   0   0   1   1   0   1   1
==t3=> s31
State nr.      69
P.nr:   1   2   3   4   5   6   7   8   9  10  11  12  13  14  15  16  17  18  19
toks:   1   1   1   0   2   0   0   0   2   2   0   0   0   0   1   1   0   1   1
==t4=> s49
State nr.      70
P.nr:   1   2   3   4   5   6   7   8   9  10  11  12  13  14  15  16  17  18  19
toks:   1   1   1   0   2   0   0   0   1   3   0   0   0   0   1   1   0   1   1
==t3=> s32
State nr.      70
P.nr:   1   2   3   4   5   6   7   8   9  10  11  12  13  14  15  16  17  18  19
toks:   1   1   1   0   2   0   0   0   1   3   0   0   0   0   1   1   0   1   1
==t4=> s50
State nr.      74
P.nr:   1   2   3   4   5   6   7   8   9  10  11  12  13  14  15  16  17  18  19
toks:   2   1   0   0   2   0   0   0   1   3   0   0   0   0   1   1   1   1   1
==t4=> s345
State nr.      75
P.nr:   1   2   3   4   5   6   7   8   9  10  11  12  13  14  15  16  17  18  19
toks:   2   0   1   0   2   0   0   0   1   3   0   0   0   1   1   1   0   1   1
==t3=> s76
State nr.      90
P.nr:   1   2   3   4   5   6   7   8   9  10  11  12  13  14  15  16  17  18  19
toks:   2   0   1   1   1   0   0   0   1   3   0   0   0   1   1   0   0   1   1
==t3=> s345
State nr.      91
P.nr:   1   2   3   4   5   6   7   8   9  10  11  12  13  14  15  16  17  18  19
toks:   1   1   1   1   1   0   0   0   1   3   0   0   0   0   1   0   0   1   1
==t3=> s92
State nr.     101
P.nr:   1   2   3   4   5   6   7   8   9  10  11  12  13  14  15  16  17  18  19
toks:   2   1   0   0   2   0   0   0   0   4   0   0   0   0   1   1   1   1   1
==t4=> s346
State nr.     102
P.nr:   1   2   3   4   5   6   7   8   9  10  11  12  13  14  15  16  17  18  19
toks:   2   0   1   0   2   0   0   0   0   4   0   0   0   1   1   1   0   1   1
==t3=> s77
State nr.     103
P.nr:   1   2   3   4   5   6   7   8   9  10  11  12  13  14  15  16  17  18  19
toks:   1   1   1   0   2   0   0   0   0   4   0   0   0   0   1   1   0   1   1
==t3=> s33
State nr.     103
P.nr:   1   2   3   4   5   6   7   8   9  10  11  12  13  14  15  16  17  18  19
toks:   1   1   1   0   2   0   0   0   0   4   0   0   0   0   1   1   0   1   1
==t4=> s51
State nr.     104
P.nr:   1   2   3   4   5   6   7   8   9  10  11  12  13  14  15  16  17  18  19
toks:   1   1   1   0   2   0   0   0   0   3   1   0   0   0   1   1   0   0   1
==t3=> s34
State nr.     104
P.nr:   1   2   3   4   5   6   7   8   9  10  11  12  13  14  15  16  17  18  19
toks:   1   1   1   0   2   0   0   0   0   3   1   0   0   0   1   1   0   0   1
==t4=> s52
State nr.     108
P.nr:   1   2   3   4   5   6   7   8   9  10  11  12  13  14  15  16  17  18  19
toks:   2   1   0   0   2   0   0   0   0   3   1   0   0   0   1   1   1   0   1
==t4=> s123
State nr.     109
P.nr:   1   2   3   4   5   6   7   8   9  10  11  12  13  14  15  16  17  18  19
toks:   2   0   1   0   2   0   0   0   0   3   1   0   0   1   1   1   0   0   1
==t3=> s78
State nr.     120
P.nr:   1   2   3   4   5   6   7   8   9  10  11  12  13  14  15  16  17  18  19
toks:   2   0   1   1   1   0   0   0   0   3   1   0   0   1   1   0   0   0   1
==t3=> s123
State nr.     121
P.nr:   1   2   3   4   5   6   7   8   9  10  11  12  13  14  15  16  17  18  19
toks:   1   1   1   1   1   0   0   0   0   3   1   0   0   0   1   0   0   0   1
==t3=> s94
State nr.     140
P.nr:   1   2   3   4   5   6   7   8   9  10  11  12  13  14  15  16  17  18  19
toks:   2   1   0   0   2   0   0   0   0   2   1   0   1   0   1   1   1   0   0
==t4=> s344
State nr.     141
P.nr:   1   2   3   4   5   6   7   8   9  10  11  12  13  14  15  16  17  18  19
toks:   2   0   1   0   2   0   0   0   0   2   1   0   1   1   1   1   0   0   0
==t3=> s325
State nr.     142
P.nr:   1   2   3   4   5   6   7   8   9  10  11  12  13  14  15  16  17  18  19
toks:   1   1   1   0   2   0   0   0   0   2   1   0   1   0   1   1   0   0   0
==t3=> s143
State nr.     142
P.nr:   1   2   3   4   5   6   7   8   9  10  11  12  13  14  15  16  17  18  19
toks:   1   1   1   0   2   0   0   0   0   2   1   0   1   0   1   1   0   0   0
==t4=> s146
State nr.     152
P.nr:   1   2   3   4   5   6   7   8   9  10  11  12  13  14  15  16  17  18  19
toks:   2   1   0   0   2   0   0   0   1   2   1   0   0   0   1   1   1   0   1
==t4=> s169
State nr.     153
P.nr:   1   2   3   4   5   6   7   8   9  10  11  12  13  14  15  16  17  18  19
toks:   2   0   1   0   2   0   0   0   1   2   1   0   0   1   1   1   0   0   1
==t3=> s79
State nr.     154
P.nr:   1   2   3   4   5   6   7   8   9  10  11  12  13  14  15  16  17  18  19
toks:   1   1   1   0   2   0   0   0   1   2   1   0   0   0   1   1   0   0   1
==t3=> s35
State nr.     154
P.nr:   1   2   3   4   5   6   7   8   9  10  11  12  13  14  15  16  17  18  19
toks:   1   1   1   0   2   0   0   0   1   2   1   0   0   0   1   1   0   0   1
==t4=> s53
State nr.     166
P.nr:   1   2   3   4   5   6   7   8   9  10  11  12  13  14  15  16  17  18  19
toks:   2   0   1   1   1   0   0   0   1   2   1   0   0   1   1   0   0   0   1
==t3=> s169
State nr.     167
P.nr:   1   2   3   4   5   6   7   8   9  10  11  12  13  14  15  16  17  18  19
toks:   1   1   1   1   1   0   0   0   1   2   1   0   0   0   1   0   0   0   1
==t3=> s95
State nr.     186
P.nr:   1   2   3   4   5   6   7   8   9  10  11  12  13  14  15  16  17  18  19
toks:   2   1   0   0   2   0   0   0   1   1   1   0   1   0   1   1   1   0   0
==t4=> s508
State nr.     187
P.nr:   1   2   3   4   5   6   7   8   9  10  11  12  13  14  15  16  17  18  19
toks:   2   0   1   0   2   0   0   0   1   1   1   0   1   1   1   1   0   0   0
==t3=> s506
State nr.     188
P.nr:   1   2   3   4   5   6   7   8   9  10  11  12  13  14  15  16  17  18  19
toks:   1   1   1   0   2   0   0   0   1   1   1   0   1   0   1   1   0   0   0
==t3=> s189
State nr.     188
P.nr:   1   2   3   4   5   6   7   8   9  10  11  12  13  14  15  16  17  18  19
toks:   1   1   1   0   2   0   0   0   1   1   1   0   1   0   1   1   0   0   0
==t4=> s192
State nr.     198
P.nr:   1   2   3   4   5   6   7   8   9  10  11  12  13  14  15  16  17  18  19
toks:   2   1   0   0   2   0   0   0   2   1   1   0   0   0   1   1   1   0   1
==t4=> s217
State nr.     199
P.nr:   1   2   3   4   5   6   7   8   9  10  11  12  13  14  15  16  17  18  19
toks:   2   0   1   0   2   0   0   0   2   1   1   0   0   1   1   1   0   0   1
==t3=> s202
State nr.     200
P.nr:   1   2   3   4   5   6   7   8   9  10  11  12  13  14  15  16  17  18  19
toks:   1   1   1   0   2   0   0   0   2   1   1   0   0   0   1   1   0   0   1
==t3=> s36
State nr.     200
P.nr:   1   2   3   4   5   6   7   8   9  10  11  12  13  14  15  16  17  18  19
toks:   1   1   1   0   2   0   0   0   2   1   1   0   0   0   1   1   0   0   1
==t4=> s54
State nr.     213
P.nr:   1   2   3   4   5   6   7   8   9  10  11  12  13  14  15  16  17  18  19
toks:   2   0   1   1   1   0   0   0   2   1   1   0   0   1   1   0   0   0   1
==t3=> s217
State nr.     214
P.nr:   1   2   3   4   5   6   7   8   9  10  11  12  13  14  15  16  17  18  19
toks:   1   1   1   1   1   0   0   0   2   1   1   0   0   0   1   0   0   0   1
==t3=> s215
State nr.     234
P.nr:   1   2   3   4   5   6   7   8   9  10  11  12  13  14  15  16  17  18  19
toks:   2   1   0   0   2   0   0   0   2   0   1   0   1   0   1   1   1   0   0
==t4=> s618
State nr.     235
P.nr:   1   2   3   4   5   6   7   8   9  10  11  12  13  14  15  16  17  18  19
toks:   2   0   1   0   2   0   0   0   2   0   1   0   1   1   1   1   0   0   0
==t3=> s619
State nr.     236
P.nr:   1   2   3   4   5   6   7   8   9  10  11  12  13  14  15  16  17  18  19
toks:   1   1   1   0   2   0   0   0   2   0   1   0   1   0   1   1   0   0   0
==t3=> s237
State nr.     236
P.nr:   1   2   3   4   5   6   7   8   9  10  11  12  13  14  15  16  17  18  19
toks:   1   1   1   0   2   0   0   0   2   0   1   0   1   0   1   1   0   0   0
==t4=> s240
State nr.     246
P.nr:   1   2   3   4   5   6   7   8   9  10  11  12  13  14  15  16  17  18  19
toks:   2   1   0   0   2   0   0   0   3   0   1   0   0   0   1   1   1   0   1
==t4=> s265
State nr.     247
P.nr:   1   2   3   4   5   6   7   8   9  10  11  12  13  14  15  16  17  18  19
toks:   2   0   1   0   2   0   0   0   3   0   1   0   0   1   1   1   0   0   1
==t3=> s250
State nr.     248
P.nr:   1   2   3   4   5   6   7   8   9  10  11  12  13  14  15  16  17  18  19
toks:   1   1   1   0   2   0   0   0   3   0   1   0   0   0   1   1   0   0   1
==t3=> s37
State nr.     248
P.nr:   1   2   3   4   5   6   7   8   9  10  11  12  13  14  15  16  17  18  19
toks:   1   1   1   0   2   0   0   0   3   0   1   0   0   0   1   1   0   0   1
==t4=> s55
State nr.     261
P.nr:   1   2   3   4   5   6   7   8   9  10  11  12  13  14  15  16  17  18  19
toks:   2   0   1   1   1   0   0   0   3   0   1   0   0   1   1   0   0   0   1
==t3=> s265
State nr.     262
P.nr:   1   2   3   4   5   6   7   8   9  10  11  12  13  14  15  16  17  18  19
toks:   1   1   1   1   1   0   0   0   3   0   1   0   0   0   1   0   0   0   1
==t3=> s263
State nr.     281
P.nr:   1   2   3   4   5   6   7   8   9  10  11  12  13  14  15  16  17  18  19
toks:   2   1   0   0   2   0   0   0   3   0   0   0   1   0   1   1   1   1   0
==t4=> s797
State nr.     282
P.nr:   1   2   3   4   5   6   7   8   9  10  11  12  13  14  15  16  17  18  19
toks:   2   0   1   0   2   0   0   0   3   0   0   0   1   1   1   1   0   1   0
==t3=> s798
State nr.     283
P.nr:   1   2   3   4   5   6   7   8   9  10  11  12  13  14  15  16  17  18  19
toks:   1   1   1   0   2   0   0   0   3   0   0   0   1   0   1   1   0   1   0
==t3=> s284
State nr.     283
P.nr:   1   2   3   4   5   6   7   8   9  10  11  12  13  14  15  16  17  18  19
toks:   1   1   1   0   2   0   0   0   3   0   0   0   1   0   1   1   0   1   0
==t4=> s296
State nr.     308
P.nr:   1   2   3   4   5   6   7   8   9  10  11  12  13  14  15  16  17  18  19
toks:   2   1   0   0   2   0   0   0   2   1   0   0   1   0   1   1   1   1   0
==t4=> s644
State nr.     309
P.nr:   1   2   3   4   5   6   7   8   9  10  11  12  13  14  15  16  17  18  19
toks:   2   0   1   0   2   0   0   0   2   1   0   0   1   1   1   1   0   1   0
==t3=> s645
State nr.     310
P.nr:   1   2   3   4   5   6   7   8   9  10  11  12  13  14  15  16  17  18  19
toks:   1   1   1   0   2   0   0   0   2   1   0   0   1   0   1   1   0   1   0
==t3=> s293
State nr.     310
P.nr:   1   2   3   4   5   6   7   8   9  10  11  12  13  14  15  16  17  18  19
toks:   1   1   1   0   2   0   0   0   2   1   0   0   1   0   1   1   0   1   0
==t4=> s301
State nr.     315
P.nr:   1   2   3   4   5   6   7   8   9  10  11  12  13  14  15  16  17  18  19
toks:   2   1   0   0   2   0   0   0   1   2   0   0   1   0   1   1   1   1   0
==t4=> s504
State nr.     316
P.nr:   1   2   3   4   5   6   7   8   9  10  11  12  13  14  15  16  17  18  19
toks:   2   0   1   0   2   0   0   0   1   2   0   0   1   1   1   1   0   1   0
==t3=> s505
State nr.     317
P.nr:   1   2   3   4   5   6   7   8   9  10  11  12  13  14  15  16  17  18  19
toks:   1   1   1   0   2   0   0   0   1   2   0   0   1   0   1   1   0   1   0
==t3=> s294
State nr.     317
P.nr:   1   2   3   4   5   6   7   8   9  10  11  12  13  14  15  16  17  18  19
toks:   1   1   1   0   2   0   0   0   1   2   0   0   1   0   1   1   0   1   0
==t4=> s302
State nr.     318
P.nr:   1   2   3   4   5   6   7   8   9  10  11  12  13  14  15  16  17  18  19
toks:   1   1   1   0   2   0   0   0   0   3   0   0   1   0   1   1   0   1   0
==t3=> s295
State nr.     318
P.nr:   1   2   3   4   5   6   7   8   9  10  11  12  13  14  15  16  17  18  19
toks:   1   1   1   0   2   0   0   0   0   3   0   0   1   0   1   1   0   1   0
==t4=> s303
State nr.     322
P.nr:   1   2   3   4   5   6   7   8   9  10  11  12  13  14  15  16  17  18  19
toks:   2   1   0   0   2   0   0   0   0   3   0   0   1   0   1   1   1   1   0
==t4=> s343
State nr.     323
P.nr:   1   2   3   4   5   6   7   8   9  10  11  12  13  14  15  16  17  18  19
toks:   2   0   1   0   2   0   0   0   0   3   0   0   1   1   1   1   0   1   0
==t3=> s324
State nr.     336
P.nr:   1   2   3   4   5   6   7   8   9  10  11  12  13  14  15  16  17  18  19
toks:   2   0   1   1   1   0   0   0   0   3   0   0   1   1   1   0   0   1   0
==t3=> s343
State nr.     337
P.nr:   1   2   3   4   5   6   7   8   9  10  11  12  13  14  15  16  17  18  19
toks:   1   1   1   1   1   0   0   0   0   3   0   0   1   0   1   0   0   1   0
==t3=> s338
State nr.     342
P.nr:   1   2   3   4   5   6   7   8   9  10  11  12  13  14  15  16  17  18  19
toks:   1   1   1   1   1   0   0   0   0   2   1   0   1   0   1   0   0   0   0
==t3=> s339
State nr.     363
P.nr:   1   2   3   4   5   6   7   8   9  10  11  12  13  14  15  16  17  18  19
toks:   2   0   1   1   1   0   0   0   0   4   0   0   0   1   1   0   0   1   1
==t3=> s346
State nr.     364
P.nr:   1   2   3   4   5   6   7   8   9  10  11  12  13  14  15  16  17  18  19
toks:   1   1   1   1   1   0   0   0   0   4   0   0   0   0   1   0   0   1   1
==t3=> s93
State nr.     495
P.nr:   1   2   3   4   5   6   7   8   9  10  11  12  13  14  15  16  17  18  19
toks:   2   0   1   1   1   0   0   0   1   2   0   0   1   1   1   0   0   1   0
==t3=> s504
State nr.     496
P.nr:   1   2   3   4   5   6   7   8   9  10  11  12  13  14  15  16  17  18  19
toks:   1   1   1   1   1   0   0   0   1   2   0   0   1   0   1   0   0   1   0
==t3=> s497
State nr.     502
P.nr:   1   2   3   4   5   6   7   8   9  10  11  12  13  14  15  16  17  18  19
toks:   1   1   1   1   1   0   0   0   1   1   1   0   1   0   1   0   0   0   0
==t3=> s498
State nr.     503
P.nr:   1   2   3   4   5   6   7   8   9  10  11  12  13  14  15  16  17  18  19
toks:   1   1   1   1   1   0   0   0   2   2   0   0   0   0   1   0   0   1   1
==t3=> s499
State nr.     522
P.nr:   1   2   3   4   5   6   7   8   9  10  11  12  13  14  15  16  17  18  19
toks:   2   0   1   1   1   0   0   0   2   2   0   0   0   1   1   0   0   1   1
==t3=> s509
State nr.     578
P.nr:   1   2   3   4   5   6   7   8   9  10  11  12  13  14  15  16  17  18  19
toks:   2   0   1   1   1   0   0   0   0   2   1   0   1   1   1   0   0   0   0
==t3=> s344
State nr.     595
P.nr:   1   2   3   4   5   6   7   8   9  10  11  12  13  14  15  16  17  18  19
toks:   2   0   1   1   1   0   0   0   1   1   1   0   1   1   1   0   0   0   0
==t3=> s508
State nr.     615
P.nr:   1   2   3   4   5   6   7   8   9  10  11  12  13  14  15  16  17  18  19
toks:   2   0   1   1   1   0   0   0   2   0   1   0   1   1   1   0   0   0   0
==t3=> s618
State nr.     616
P.nr:   1   2   3   4   5   6   7   8   9  10  11  12  13  14  15  16  17  18  19
toks:   1   1   1   1   1   0   0   0   2   0   1   0   1   0   1   0   0   0   0
==t3=> s617
State nr.     637
P.nr:   1   2   3   4   5   6   7   8   9  10  11  12  13  14  15  16  17  18  19
toks:   2   0   1   1   1   0   0   0   2   1   0   0   1   1   1   0   0   1   0
==t3=> s644
State nr.     638
P.nr:   1   2   3   4   5   6   7   8   9  10  11  12  13  14  15  16  17  18  19
toks:   1   1   1   1   1   0   0   0   2   1   0   0   1   0   1   0   0   1   0
==t3=> s639
State nr.     643
P.nr:   1   2   3   4   5   6   7   8   9  10  11  12  13  14  15  16  17  18  19
toks:   1   1   1   1   1   0   0   0   3   1   0   0   0   0   1   0   0   1   1
==t3=> s640
State nr.     660
P.nr:   1   2   3   4   5   6   7   8   9  10  11  12  13  14  15  16  17  18  19
toks:   2   0   1   1   1   0   0   0   3   1   0   0   0   1   1   0   0   1   1
==t3=> s647
State nr.     790
P.nr:   1   2   3   4   5   6   7   8   9  10  11  12  13  14  15  16  17  18  19
toks:   2   0   1   1   1   0   0   0   3   0   0   0   1   1   1   0   0   1   0
==t3=> s797
State nr.     791
P.nr:   1   2   3   4   5   6   7   8   9  10  11  12  13  14  15  16  17  18  19
toks:   1   1   1   1   1   0   0   0   3   0   0   0   1   0   1   0   0   1   0
==t3=> s792
State nr.     796
P.nr:   1   2   3   4   5   6   7   8   9  10  11  12  13  14  15  16  17  18  19
toks:   1   1   1   1   1   0   0   0   4   0   0   0   0   0   1   0   0   1   1
==t3=> s793
State nr.     805
P.nr:   1   2   3   4   5   6   7   8   9  10  11  12  13  14  15  16  17  18  19
toks:   2   0   1   1   1   0   0   0   4   0   0   0   0   1   1   0   0   1   1
==t3=> s800
