State nr.       1
P.nr:   1   2   3   4   5   6   7   8   9  10  11  12
toks:   3   0   0   0   0   3   0   0   0   1   1   1
==t1=> s2
==t7=> s27
State nr.       2
P.nr:   1   2   3   4   5   6   7   8   9  10  11  12
toks:   2   1   0   0   0   3   0   0   0   0   1   1
==t2=> s3
==t3=> s13
==t7=> s15
State nr.       3
P.nr:   1   2   3   4   5   6   7   8   9  10  11  12
toks:   2   0   1   0   0   3   0   0   0   1   0   1
==t1=> s4
==t4=> s11
State nr.       4
P.nr:   1   2   3   4   5   6   7   8   9  10  11  12
toks:   1   1   1   0   0   3   0   0   0   0   0   1
==t3=> s5
==t4=> s9
State nr.       5
P.nr:   1   2   3   4   5   6   7   8   9  10  11  12
toks:   1   0   1   1   0   3   0   0   0   1   0   0
==t1=> s6
==t5=> s8
State nr.       6
P.nr:   1   2   3   4   5   6   7   8   9  10  11  12
toks:   0   1   1   1   0   3   0   0   0   0   0   0
==t5=> s7
State nr.       7
P.nr:   1   2   3   4   5   6   7   8   9  10  11  12
toks:   0   1   1   0   1   3   0   0   0   0   0   0
==t6=> s4
State nr.       8
P.nr:   1   2   3   4   5   6   7   8   9  10  11  12
toks:   1   0   1   0   1   3   0   0   0   1   0   0
==t1=> s7
==t6=> s3
State nr.       9
P.nr:   1   2   3   4   5   6   7   8   9  10  11  12
toks:   1   1   0   0   1   3   0   0   0   0   1   0
==t2=> s8
==t6=> s2
State nr.      11
P.nr:   1   2   3   4   5   6   7   8   9  10  11  12
toks:   2   0   0   0   1   3   0   0   0   1   1   0
==t1=> s9
==t6=> s1
State nr.      13
P.nr:   1   2   3   4   5   6   7   8   9  10  11  12
toks:   2   0   0   1   0   3   0   0   0   1   1   0
==t1=> s14
==t5=> s11
State nr.      14
P.nr:   1   2   3   4   5   6   7   8   9  10  11  12
toks:   1   1   0   1   0   3   0   0   0   0   1   0
==t2=> s5
==t5=> s9
State nr.      15
P.nr:   1   2   3   4   5   6   7   8   9  10  11  12
toks:   2   1   0   0   0   2   1   0   0   0   1   0
==t8=> s16
State nr.      16
P.nr:   1   2   3   4   5   6   7   8   9  10  11  12
toks:   2   1   0   0   0   2   0   1   0   0   0   1
==t3=> s17
State nr.      17
P.nr:   1   2   3   4   5   6   7   8   9  10  11  12
toks:   2   0   0   1   0   2   0   1   0   1   0   0
==t1=> s18
==t5=> s20
==t9=> s30
State nr.      18
P.nr:   1   2   3   4   5   6   7   8   9  10  11  12
toks:   1   1   0   1   0   2   0   1   0   0   0   0
==t5=> s19
State nr.      19
P.nr:   1   2   3   4   5   6   7   8   9  10  11  12
toks:   1   1   0   0   1   2   0   1   0   0   0   0
==t6=> s16
State nr.      20
P.nr:   1   2   3   4   5   6   7   8   9  10  11  12
toks:   2   0   0   0   1   2   0   1   0   1   0   0
==t1=> s19
==t6=> s21
==t9=> s29
State nr.      21
P.nr:   1   2   3   4   5   6   7   8   9  10  11  12
toks:   3   0   0   0   0   2   0   1   0   1   0   1
==t1=> s16
==t9=> s28
State nr.      24
P.nr:   1   2   3   4   5   6   7   8   9  10  11  12
toks:   3   0   0   0   0   1   1   0   1   0   1   0
==t8=> s25
==t10=> s27
State nr.      25
P.nr:   1   2   3   4   5   6   7   8   9  10  11  12
toks:   3   0   0   0   0   1   0   1   1   0   0   1
==t7=> s26
==t10=> s21
State nr.      26
P.nr:   1   2   3   4   5   6   7   8   9  10  11  12
toks:   3   0   0   0   0   0   1   1   1   0   0   0
State nr.      27
P.nr:   1   2   3   4   5   6   7   8   9  10  11  12
toks:   3   0   0   0   0   2   1   0   0   1   1   0
==t1=> s15
==t8=> s21
State nr.      28
P.nr:   1   2   3   4   5   6   7   8   9  10  11  12
toks:   3   0   0   0   0   2   0   0   1   0   1   1
==t7=> s24
==t10=> s1
State nr.      29
P.nr:   1   2   3   4   5   6   7   8   9  10  11  12
toks:   2   0   0   0   1   2   0   0   1   0   1   0
==t6=> s28
==t10=> s11
State nr.      30
P.nr:   1   2   3   4   5   6   7   8   9  10  11  12
toks:   2   0   0   1   0   2   0   0   1   0   1   0
==t5=> s29
==t10=> s13
